-40.	1.888988584350123e-2419	-5563.428062115594174
-39.9375	2.282471909387615e-2408	-5537.786782990689289
-39.875	2.549846903971922e-2397	-5512.353200108406496
-39.8125	2.633954010871375e-2386	-5486.995285708451368
-39.75	2.516173298162288e-2375	-5461.715694699730954
-39.6875	2.223125860944598e-2364	-5436.514178310484012
-39.625	1.816902208004201e-2353	-5411.390623765451253
-39.5625	1.373712706330355e-2342	-5386.344908507186606
-39.5	9.60970372794279e-2332	-5361.376910941804926
-39.4375	6.220519575983422e-2321	-5336.48650935480751
-39.375	3.726479725243665e-2310	-5311.673582051553476
-39.3125	2.066232372890872e-2299	-5286.938007334808689
-39.25	1.060524524874436e-2288	-5262.27966350905991
-39.1875	5.039370439214463e-2278	-5237.698428879548498
-39.125	2.217168618258046e-2267	-5213.194181752523543
-39.0625	9.03318469115221e-2257	-5188.766800435172821
-39.	3.408439906147338e-2246	-5164.416163235653136
-38.9375	1.191230580864473e-2235	-5140.142148463084249
-38.875	3.856686373560566e-2225	-5115.944634427555759
-38.8125	1.156815143687296e-2214	-5091.823499440128541
-38.75	3.215123166149717e-2204	-5067.778621812845391
-38.6875	8.280720505808273e-2194	-5043.809879858726826
-38.625	1.976643527716889e-2183	-5019.917151891782768
-38.5625	4.373520370142778e-2173	-4996.100316227013471
-38.5	8.970762865775027e-2163	-4972.359251180409174
-38.4375	1.705987626312786e-2152	-4948.693835068966829
-38.375	3.008316370714652e-2142	-4925.103946210679928
-38.3125	4.919547062310214e-2132	-4901.589462924552728
-38.25	7.461627532797565e-2122	-4878.150263530600757
-38.1875	1.049788228712199e-2111	-4854.786226349858107
-38.125	1.370194967152384e-2101	-4831.497229704376126
-38.0625	1.659313416726645e-2091	-4808.283151917231438
-38.	1.864630223613541e-2081	-4785.143871312535533
-37.9375	1.944590239842821e-2071	-4762.079266215428622
-37.875	1.882293840170004e-2061	-4739.089214952092514
-37.8125	1.691311206591437e-2051	-4716.173595849752514
-37.75	1.410877367255771e-2041	-4693.332287236679972
-37.6875	1.092791956929527e-2031	-4670.565167442200939
-37.625	7.859972810695994e-2022	-4647.872114796697103
-37.5625	5.250404646223476e-2012	-4625.253007631613114
-37.5	3.257658327555912e-2002	-4602.707724279459418
-37.4375	1.877639273048832e-1992	-4580.236143073818958
-37.375	1.005461639625797e-1982	-4557.838142349350303
-37.3125	5.002860747644444e-1973	-4535.513600441792655
-37.25	2.313256182182648e-1963	-4513.262395687971781
-37.1875	9.94109676751335e-1954	-4491.084406425801437
-37.125	3.971028173713704e-1944	-4468.979510994293808
-37.0625	1.474628341233911e-1934	-4446.947587733561615
-37.	5.09126812416243e-1925	-4424.988514984820061
-36.9375	1.634504005803737e-1915	-4403.102171090398001
-36.875	4.879951204603586e-1906	-4381.288434393736772
-36.8125	1.355087320748519e-1896	-4359.547183239401198
-36.75	3.50021109960004e-1887	-4337.878295973076999
-36.6875	8.411030126422319e-1878	-4316.281650941585455
-36.625	1.880550389950253e-1868	-4294.757126492880324
-36.5625	3.912500781328995e-1859	-4273.304600976057046
-36.5	7.575484523032138e-1850	-4251.923952741355659
-36.4375	1.365229764820594e-1840	-4230.615060140171914
-36.375	2.290304756729369e-1831	-4209.377801525054052
-36.3125	3.577056782374104e-1822	-4188.212055249712823
-36.25	5.201831300765779e-1813	-4167.117699669026811
-36.1875	7.044292821581035e-1804	-4146.094613139048307
-36.125	8.884276830313972e-1795	-4125.142674017003557
-36.0625	1.043669869338222e-1785	-4104.261760661307151
-36.	1.142124442694317e-1776	-4083.451751431561256
-35.9375	1.164463175943043e-1767	-4062.712524688560095
-35.875	1.106249227943779e-1758	-4042.04395879429758
-35.8125	9.79372543588517e-1750	-4021.445932111978502
-35.75	8.080968711423898e-1741	-4000.918323006012539
-35.6875	6.215160042268803e-1732	-3980.461009842030847
-35.625	4.456228286217884e-1723	-3960.073870986882807
-35.5625	2.978938943345115e-1714	-3939.756784808650423
-35.5	1.856896344766804e-1705	-3919.50962967664531
-35.4375	1.079439834643748e-1696	-3899.332283961422213
-35.375	5.852572086426117e-1688	-3879.224626034781115
-35.3125	2.959957561804481e-1679	-3859.186534269771999
-35.25	1.396585116530768e-1670	-3839.217887040702363
-35.1875	6.148163047034143e-1662	-3819.318562723145087
-35.125	2.525644461302803e-1653	-3799.488439693939272
-35.0625	9.68279532684249e-1645	-3779.727396331203321
-35.	3.464845050035553e-1636	-3760.035311014334181
-34.9375	1.157375376990797e-1627	-3740.41206212401802
-34.875	3.609315464821275e-1619	-3720.857528042234675
-34.8125	1.050965489596701e-1610	-3701.371587152260827
-34.75	2.857708350297615e-1602	-3681.954117838684363
-34.6875	7.257148554798979e-1594	-3662.604998487402944
-34.625	1.721415101699488e-1585	-3643.32410748563334
-34.5625	3.814428815736226e-1577	-3624.111323221915982
-34.5	7.896789383258905e-1569	-3604.966524086127426
-34.4375	1.52757152223904e-1560	-3585.889588469478676
-34.375	2.761438228273381e-1552	-3566.880394764524879
-34.3125	4.665570060204812e-1544	-3547.938821365175271
-34.25	7.368218957885939e-1536	-3529.064746666693618
-34.1875	1.087831366968036e-1527	-3510.258049065709537
-34.125	1.501601518019721e-1519	-3491.518606960224273
-34.0625	1.93818267613812e-1511	-3472.846298749616571
-34.	2.339561270140937e-1503	-3454.241002834649257
-33.9375	2.641354335371156e-1495	-3435.702597617474228
-33.875	2.78948642406645e-1487	-3417.230961501647013
-33.8125	2.756005003100851e-1479	-3398.825972892123061
-33.75	2.547690873441205e-1471	-3380.487510195272782
-33.6875	2.203825774815816e-1463	-3362.215451818884643
-33.625	1.784121382103792e-1455	-3344.0096761721727
-33.5625	1.351888791410205e-1447	-3325.870061665785633
-33.5	9.58914268097494e-1440	-3307.796486711811972
-33.4375	6.367862145449199e-1432	-3289.788829723786209
-33.375	3.959454878596069e-1424	-3271.846969116700768
-33.3125	2.30546126380218e-1416	-3253.970783307007385
-33.25	1.257227176509795e-1408	-3236.160150712629066
-33.1875	6.421788562492338e-1401	-3218.41494975296556
-33.125	3.072821745039087e-1393	-3200.735058848897784
-33.0625	1.377560453936103e-1385	-3183.120356422805318
-33.	5.786669928688682e-1378	-3165.570720898559994
-32.9375	2.277950641726893e-1370	-3148.086030701544531
-32.875	8.404468856461221e-1363	-3130.666164258657377
-32.8125	2.906560768916879e-1355	-3113.310999998313734
-32.75	9.42333267189239e-1348	-3096.020416350467183
-32.6875	2.864431410043726e-1340	-3078.794291746602407
-32.625	8.164581460446716e-1333	-3061.63250461975437
-32.5625	2.182447608602836e-1325	-3044.534933404510188
-32.5	5.471683070127034e-1318	-3027.501456537017789
-32.4375	1.286820745236609e-1310	-3010.531952454997543
-32.375	2.839147720677409e-1303	-2993.626299597746516
-32.3125	5.877376948751343e-1296	-2976.784376406149086
-32.25	1.141714520456295e-1288	-2960.006061322682718
-32.1875	2.081434407530998e-1281	-2943.291232791427463
-32.125	3.561655926011214e-1274	-2926.639769258075802
-32.0625	5.721080038680375e-1267	-2910.051549169942112
-32.	8.627673760003425e-1260	-2893.526450975962295
-31.9375	1.221664165580518e-1252	-2877.064353126715144
-31.875	1.624445645666689e-1245	-2860.66513407442159
-31.8125	2.028647363539946e-1238	-2844.328672272957889
-31.75	2.379626314508546e-1231	-2828.054846177862494
-31.6875	2.622192599904014e-1224	-2811.843534246343045
-31.625	2.714731182236641e-1217	-2795.694614937291438
-31.5625	2.640877708446067e-1210	-2779.607966711286869
-31.5	2.414247335364217e-1203	-2763.58346803060705
-31.4375	2.07434044930381e-1196	-2747.62099735923507
-31.375	1.67531281589897e-1189	-2731.720433162873103
-31.3125	1.271985551326154e-1182	-2715.881653908949341
-31.25	9.08012089176479e-1176	-2700.104538066622019
-31.1875	6.095047022417141e-1169	-2684.388964106799943
-31.125	3.84761189502246e-1162	-2668.734810502141989
-31.0625	2.284478188514498e-1155	-2653.141955727069723
-31.	1.275901423440566e-1148	-2637.610278257779866
-30.9375	6.704005562828466e-1142	-2622.139656572249072
-30.875	3.314297860495717e-1135	-2606.729969150245915
-30.8125	1.541847500771527e-1128	-2591.381094473342661
-30.75	6.75051345216013e-1122	-2576.092911024922946
-30.6875	2.781829321741637e-1115	-2560.865297290187955
-30.625	1.079133629927393e-1108	-2545.698131756176828
-30.5625	3.941157869397448e-1102	-2530.59129291176422
-30.5	1.355280152357678e-1095	-2515.544659247680913
-30.4375	4.388779387336261e-1089	-2500.558109256514753
-30.375	1.338506951480626e-1082	-2485.631521432732384
-30.3125	3.845143052612696e-1076	-2470.764774272676752
-30.25	1.040572019523212e-1069	-2455.957746274586967
-30.1875	2.65309216844296e-1063	-2441.210315938604704
-30.125	6.373909062868016e-1057	-2426.522361766787103
-30.0625	1.443063689186984e-1050	-2411.893762263114865
-30.	3.079243430649748e-1044	-2397.324395933505906
-29.9375	6.193472509293881e-1038	-2382.814141285821531
-29.875	1.174380544116975e-1031	-2368.362876829884784
-29.8125	2.099523305409399e-1025	-2353.970481077483759
-29.75	3.539342130123979e-1019	-2339.636832542389166
-29.6875	5.626873603268528e-1013	-2325.361809740359794
-29.625	8.437374291654676e-1007	-2311.145291189157275
-29.5625	1.193426797627196e-1000	-2296.987155408560241
-29.5	1.592521637946109e-994	-2282.88728092036755
-29.4375	2.005066384443692e-988	-2268.845546248417036
-29.375	2.382203168733622e-982	-2254.861829918595136
-29.3125	2.671088254000424e-976	-2240.9360104588485
-29.25	2.826896078649775e-970	-2227.067966399194472
-29.1875	2.824206079051573e-964	-2213.257576271735615
-29.125	2.663793930141063e-958	-2199.504718610669294
-29.0625	2.372331274159923e-952	-2185.809271952302155
-29.	1.995139543880919e-946	-2172.171114835060192
-28.9375	1.584700579068839e-940	-2158.590125799503286
-28.875	1.188912569079131e-934	-2145.066183388335382
-28.8125	8.42624620953383e-929	-2131.599166146417207
-28.75	5.642254322151694e-923	-2118.18895262078146
-28.6875	3.569917822471349e-917	-2104.835421360644744
-28.625	2.134536514865486e-911	-2091.538450917416775
-28.5625	1.206261664736539e-905	-2078.297919844718701
-28.5	6.443543878362453e-900	-2065.113706698392087
-28.4375	3.253914513118412e-894	-2051.98569003651365
-28.375	1.553596839618709e-888	-2038.913748419409769
-28.3125	7.014134940999841e-883	-2025.897760409667376
-28.25	2.994789192166032e-877	-2012.937604572147511
-28.1875	1.209393150206291e-871	-2000.033159474003319
-28.125	4.619879119585611e-866	-1987.184303684688208
-28.0625	1.669584226010611e-860	-1974.390915775972975
-28.	5.708912912821205e-855	-1961.652874321958534
-27.9375	1.847219984292765e-849	-1948.970057899088383
-27.875	5.656615817925956e-844	-1936.342345086169453
-27.8125	1.639533755904828e-838	-1923.76961446437675
-27.75	4.498444880157599e-833	-1911.251744617274885
-27.6875	1.168518393133865e-827	-1898.788614130829835
-27.625	2.874038337374252e-822	-1886.380101593426312
-27.5625	6.694006981671645e-817	-1874.026085595876782
-27.5	1.476621232782482e-811	-1861.726444731442648
-27.4375	3.085276876207617e-806	-1849.481057595845533
-27.375	6.106804386189908e-801	-1837.289802787285654
-27.3125	1.145200276589866e-795	-1825.152558906452309
-27.25	2.034928670417306e-790	-1813.069204556544079
-27.1875	3.426651892524572e-785	-1801.039618343281041
-27.125	5.468857068227385e-780	-1789.063678874924049
-27.0625	8.273355472147819e-775	-1777.141264762285443
-27.	1.186528184021009e-769	-1765.272254618750855
-26.9375	1.613386543900397e-764	-1753.456527060291609
-26.875	2.080250018364721e-759	-1741.693960705479851
-26.8125	2.543677825673787e-754	-1729.984434175511257
-26.75	2.950060152711457e-749	-1718.327826094211742
-26.6875	3.245447349687516e-744	-1706.724015088066074
-26.625	3.387239646997774e-739	-1695.172879786223281
-26.5625	3.354267302574457e-734	-1683.674298820520285
-26.5	3.151973301928654e-729	-1672.228150825498316
-26.4375	2.810950745343532e-724	-1660.834314438418803
-26.375	2.37937290312623e-719	-1649.492668299281844
-26.3125	1.911890794778283e-714	-1638.203091050840211
-26.25	1.458504159601703e-709	-1626.965461338626255
-26.1875	1.056450137258144e-704	-1615.779657810958074
-26.125	7.266742975175462e-700	-1604.645559118967066
-26.0625	4.747148084902438e-695	-1593.56304391661102
-26.	2.945646748914409e-690	-1582.531990860692368
-25.9375	1.736345598392469e-685	-1571.552278610880371
-25.875	9.72415823531692e-681	-1560.623785829729153
-25.8125	5.174649282205969e-676	-1549.746391182691593
-25.75	2.616830511306931e-671	-1538.919973338144324
-25.6875	1.257733865805919e-666	-1528.144410967403709
-25.625	5.746099120869331e-662	-1517.419582744748945
-25.5625	2.495636805423193e-657	-1506.745367347434327
-25.5	1.030543364484059e-652	-1496.121643455716569
-25.4375	4.046508815098705e-648	-1485.54828975287386
-25.375	1.511042740841189e-643	-1475.025184925220368
-25.3125	5.366705358209366e-639	-1464.552207662131036
-25.25	1.813118576171189e-634	-1454.129236656064696
-25.1875	5.827534036340645e-630	-1443.756150602575996
-25.125	1.782117314903039e-625	-1433.432828200346999
-25.0625	5.186009678258475e-621	-1423.159148151199803
-25.	1.436245295919134e-616	-1412.934989160121518
-24.9375	3.785950040675527e-612	-1402.760229935286739
-24.875	9.50002613289678e-608	-1392.634749188077879
-24.8125	2.26950466829907e-603	-1382.558425633104423
-24.75	5.162337762791411e-599	-1372.531137988231572
-24.6875	1.118210336540549e-594	-1362.552764974594639
-24.625	2.306827036157416e-590	-1352.623185316629926
-24.5625	4.532874545289384e-586	-1342.742277742090143
-24.5	8.485006780096286e-582	-1332.909920982071222
-24.4375	1.513223946769435e-577	-1323.12599377103537
-24.375	2.571457927503519e-573	-1313.390374846833353
-24.3125	4.164218737630175e-569	-1303.702942950728874
-24.25	6.427146867467222e-565	-1294.063576827421837
-24.1875	9.45553655783818e-561	-1284.472155225073476
-24.125	1.326142150831928e-556	-1274.928556895329345
-24.0625	1.773301613628484e-552	-1265.432660593345162
-24.	2.261082710109716e-548	-1255.984345077811643
-23.9375	2.749440197235176e-544	-1246.583489110977109
-23.875	3.188737531293411e-540	-1237.229971458677298
-23.8125	3.527707857231213e-536	-1227.923670890355516
-23.75	3.723218036773974e-532	-1218.664466179092836
-23.6875	3.749289879373986e-528	-1209.452236101632482
-23.625	3.602773285835569e-524	-1200.28685943840665
-23.5625	3.303960782333879e-520	-1191.168214973560256
-23.5	2.891981686732016e-516	-1182.096181494982661
-23.4375	2.416415241924373e-512	-1173.070637794332161
-23.375	1.927594303359217e-508	-1164.091462667061566
-23.3125	1.468183729233483e-504	-1155.158534912449029
-23.25	1.067870398855443e-500	-1146.271733333625867
-23.1875	7.417929822754023e-497	-1137.430936737601669
-23.125	4.921818386378198e-493	-1128.636023935294981
-23.0625	3.119606375763834e-489	-1119.886873741562419
-23.	1.889113375559977e-485	-1111.183364975229041
-22.9375	1.093082425348465e-481	-1102.525376459111778
-22.875	6.044176253954238e-478	-1093.912787020057147
-22.8125	3.194208800196559e-474	-1085.345475488965449
-22.75	1.613556243257316e-470	-1076.823320700822734
-22.6875	7.792058225236971e-467	-1068.346201494732837
-22.625	3.597660628581005e-463	-1059.913996713946029
-22.5625	1.588330107073265e-459	-1051.526585205891742
-22.5	6.706046467938015e-456	-1043.183845822209906
-22.4375	2.708009653842498e-452	-1034.885657418782491
-22.375	1.046030528565144e-448	-1026.631898855765817
-22.3125	3.865464180954787e-445	-1018.422448997623176
-22.25	1.366704825918331e-441	-1010.257186713158378
-22.1875	4.623982917132373e-438	-1002.13599087554757
-22.125	1.497196378355554e-434	-994.058740362374101
-22.0625	4.639968184981548e-431	-986.025314055662414
-22.	1.376504253245361e-427	-978.035590841911567
-21.9375	3.909480607820417e-424	-970.089449612130645
-21.875	1.063144136603672e-420	-962.186769261873459
-21.8125	2.768531313958132e-417	-954.327428691274498
-21.75	6.904680125788061e-414	-946.511306805083779
-21.6875	1.649404378500412e-410	-938.73828251270421
-21.625	3.774442380742977e-407	-931.008234728227049
-21.5625	8.275098166742124e-404	-923.321042370470196
-21.5	1.738364421761229e-400	-915.676584363014441
-21.4375	3.499519580477188e-397	-908.074739634241708
-21.375	6.751940054988619e-394	-900.515387117373428
-21.3125	1.248687855867019e-390	-892.998405750508944
-21.25	2.213792792650915e-387	-885.523674476664385
-21.1875	3.76296718150966e-384	-878.09107224381306
-21.125	6.133196507650653e-381	-870.700478004924513
-21.0625	9.58647450839031e-378	-863.35177071800473
-21.	1.43714027487845e-374	-856.044829346137733
-20.9375	2.066617949572526e-371	-848.779532857526339
-20.875	2.850983026692149e-368	-841.555760225534413
-20.8125	3.773593037842975e-365	-834.3733904287285
-20.75	4.792852718806589e-362	-827.232302450920498
-20.6875	5.842036828720618e-359	-820.132375281211196
-20.625	6.834681396026028e-356	-813.073487914034045
-20.5625	7.675534449102101e-353	-806.055519349198677
-20.5	8.275379720308786e-350	-799.078348591936243
-20.4375	8.56660567849229e-347	-792.141854652943895
-20.375	8.515766544725061e-344	-785.24591654843127
-20.3125	8.129904106775161e-341	-778.390413300165545
-20.25	7.454978316574016e-338	-771.575223935519679
-20.1875	6.566881947629155e-335	-764.800227487518305
-20.125	5.557461616150302e-332	-758.065302994886286
-20.0625	4.51908745561114e-329	-751.370329502096822
-20.	3.531299906668342e-326	-744.71518605942073
-19.9375	2.652043304615861e-323	-738.099751722975572
-19.875	1.914438140042407e-320	-731.523905554775671
-19.8125	1.328523824759119e-317	-724.987526622783515
-19.75	8.863743939617607e-315	-718.490494000959881
-19.6875	5.686400716386108e-312	-712.032686769317028
-19.625	3.508186581713985e-309	-705.6139840139703
-19.5625	2.081639037791413e-306	-699.2342648271908
-19.5	1.188114335732341e-303	-692.8934083074613
-19.4375	6.52369533802108e-301	-686.5912935595277
-19.375	3.4463888525801667e-298	-680.3277996944565
-19.3125	1.751953601472536e-295	-674.1028058296893
-19.25	8.570796521355457e-293	-667.9161910890996
-19.1875	4.0356414295490734e-290	-661.7678346030494
-19.125	1.829149912698192e-287	-655.6576155084479
-19.0625	7.981488786412733e-285	-649.585412948809
-19.	3.3532731186959637e-282	-643.551106074311
-18.9375	1.3566158638211055e-279	-637.5545740418565
-18.875	5.28567344501579e-277	-631.595696015133
-18.8125	1.983589339605954e-274	-625.674351164674
-18.75	7.170735888969089e-272	-619.7904186679219
-18.6875	2.4974036036668245e-269	-613.9437777092903
-18.625	8.38068091882849e-267	-608.1343074802277
-18.5625	2.7101164908850985e-264	-602.3618871792826
-18.5	8.446313689303354e-262	-596.6263960121682
-18.4375	2.537286803050099e-259	-590.927713191829
-18.375	7.347634234030797e-257	-585.2657179385072
-18.3125	2.0514154285002224e-254	-579.6402894798116
-18.25	5.522558553690266e-252	-574.0513070507852
-18.1875	1.4337062038439318e-249	-568.4986498939751
-18.125	3.589761709223269e-247	-562.9821972595034
-18.0625	8.669802271115695e-245	-557.5018284051382
-18.	2.0199628046160273e-242	-552.0574225963655
-17.9375	4.540677410650043e-240	-546.6488591064634
-17.875	9.849031084135716e-238	-541.2760172165755
-17.8125	2.061647603731154e-235	-535.938776215786
-17.75	4.165200440251256e-233	-530.6370154011965
-17.6875	8.122886813037523e-231	-525.3706140780021
-17.625	1.52929192792621e-228	-520.1394515595705
-17.5625	2.7798947967069472e-226	-514.9434071675206
-17.5	4.87951619149781e-224	-509.7823602318028
-17.4375	8.271572296281898e-222	-504.6561900907801
-17.375	1.3542995761106832e-219	-499.5647760913109
-17.3125	2.141949563561641e-217	-494.5079975888319
-17.25	3.272834309673934e-215	-489.4857339474428
-17.1875	4.8318287368448235e-213	-484.4978645399924
-17.125	6.893253171363269e-211	-479.5442687481648
-17.0625	9.504177889825663e-209	-474.6248259625678
-17.	1.266586797927815e-206	-469.73941558282195
-16.9375	1.631690821988187e-204	-464.8879170176511
-16.875	2.032243458703558e-202	-460.0702096849741
-16.8125	2.4473776015034805e-200	-455.28617301199756
-16.75	2.8501389983899663e-198	-450.53568643530986
-16.6875	3.210135316140047e-196	-445.81862940097704
-16.625	3.497238901822065e-194	-441.1348813646396
-16.5625	3.685737009487649e-192	-436.48432179161006
-16.5	3.758139389713976e-190	-431.8668301569733
-16.4375	3.707860058748756e-188	-427.282285945687
-16.375	3.54020249888661e-186	-422.7305686526838
-16.3125	3.271444809351185e-184	-418.21155778297594
-16.25	2.926241851022839e-182	-413.72513285175904
-16.1875	2.53391685358578e-180	-409.2711733845203
-16.125	2.124410408366952e-178	-404.84955891714577
-16.0625	1.7246492701009286e-176	-400.460168996031
-16.	1.3559130851176242e-174	-396.1028831781912
-15.9375	1.0324855732065135e-172	-391.7775810313753
-15.875	7.615695798181626e-171	-387.48414213418016
-15.8125	5.44203105069023e-169	-383.22244607616676
-15.75	3.767824315558517e-167	-378.9923724579783
-15.6875	2.527847338067339e-165	-374.7938008914597
-15.625	1.6435918239508118e-163	-370.6266109997788
-15.5625	1.0357916187581848e-161	-366.4906824175504
-15.5	6.327591853111682e-160	-362.3858947909604
-15.4375	3.747524836201758e-158	-358.3121277778929
-15.375	2.152003253098907e-156	-354.2692610480591
-15.3125	1.1983564328439043e-154	-350.25717428312817
-15.25	6.47181540826409e-153	-346.2757471768591
-15.1875	3.390124028911229e-151	-342.32485943523625
-15.125	1.7226884326722113e-149	-338.4043907766051
-15.0625	8.492819559664857e-148	-334.5142209318118
-15.	4.062593655519306e-146	-330.6542296443433
-14.9375	1.8858776771358016e-144	-326.82429667047023
-14.875	8.496393340203872e-143	-323.0243017793931
-14.8125	3.7155145158152635e-141	-319.25412475338817
-14.75	1.5773166188277893e-139	-315.51364538795815
-14.6875	6.501097167945138e-138	-311.8027434919836
-14.625	2.6018040710743192e-136	-308.12129888787746
-14.5625	1.0111951119636532e-134	-304.46919141174175
-14.5	3.816981525076707e-133	-300.84630091352625
-14.4375	1.3995298164957445e-131	-297.2525072571908
-14.375	4.985096007571128e-130	-293.68769032086897
-14.3125	1.7252277680511568e-128	-290.1517299970352
-14.25	5.8016717908174625e-127	-286.6445061926738
-14.1875	1.8960331869623985e-125	-283.16589882945124
-14.125	6.022503019301071e-124	-279.71578784389123
-14.0625	1.8595106862449008e-122	-276.29405318755187
-14.	5.581656840046219e-121	-272.9005748272065
-13.9375	1.6290057781313367e-119	-269.5352327450272
-13.875	4.623058465914931e-118	-266.19790693877104
-13.8125	1.2759558310183123e-116	-262.8884774219693
-13.75	3.425260527357036e-115	-259.6068242241203
-13.6875	8.944488424389752e-114	-256.35282739088524
-13.625	2.272341180083437e-112	-253.12636698428625
-13.5625	5.6169416217050065e-111	-249.92732308290968
-13.5	1.3510978928481172e-109	-246.75557578211107
-13.4375	3.1629071956854866e-108	-243.61100519422408
-13.375	7.206941433540152e-107	-240.49349144877309
-13.3125	1.5985735620701384e-105	-237.40291469268905
-13.25	3.452101224741132e-104	-234.3391550905294
-13.1875	7.258649843825812e-103	-231.30209282470125
-13.125	1.4862838560672395e-101	-228.29160809568873
-13.0625	2.9639673656815963e-100	-225.30758112228372
-13.	5.757354421037616e-99	-222.34989214182104
-12.9375	1.089438063149776e-97	-219.4184214104178
-12.875	2.008465103082397e-96	-216.5130492032155
-12.8125	3.6079485008186556e-95	-213.63365581462895
-12.75	6.316009645393956e-94	-210.78012155859645
-12.6875	1.077615349112499e-92	-207.95232676883668
-12.625	1.7921542629587324e-91	-205.15015179910912
-12.5625	2.905559329668977e-90	-202.3734770234788
-12.5	4.592814836869844e-89	-199.62218283658663
-12.4375	7.079051025574274e-88	-196.89614965392357
-12.375	1.064069866585651e-86	-194.19525791211018
-12.3125	1.559970242881609e-85	-191.5193880691812
-12.25	2.23082557883435e-84	-188.86842060487524
-12.1875	3.1122186838870398e-83	-186.24223602092914
-12.125	4.236252455722561e-82	-183.64071484137835
-12.0625	5.626688086903909e-81	-181.06373761286267
-12.	7.293486125777378e-80	-178.511184904937
-11.9375	9.227431292607757e-79	-175.9829373103883
-11.875	1.1395721726052479e-77	-173.47887544555874
-11.8125	1.3739477499366591e-76	-170.99887995067346
-11.75	1.6174019648261477e-75	-168.5428314901758
-11.6875	1.8592469435689855e-74	-166.11061075306839
-11.625	2.0872743272395853e-73	-163.70209845326005
-11.5625	2.288744471481117e-72	-161.3171753299197
-11.5	2.4515591384464614e-71	-158.955722147837
-11.4375	2.565468506944792e-70	-156.6176196977898
-11.375	2.6231444031843354e-69	-154.30274879691797
-11.3125	2.6209627508063704e-68	-152.0109902891054
-11.25	2.5593788032142425e-67	-149.7422250453681
-11.1875	2.4428414559908834e-66	-147.4963339642508
-11.125	2.2792654120534195e-65	-145.27319797223112
-11.0625	2.0791476329965357e-64	-143.07269802413057
-11.	1.8544642250224145e-63	-140.89471510353474
-10.9375	1.6175070372848501e-62	-138.73913022322117
-10.875	1.3798134055978195e-61	-136.6058244255955
-10.8125	1.151311565912651e-60	-134.4946787831369
-10.75	9.397569700870325e-60	-132.40557439885103
-10.6875	7.5048197828361685e-59	-130.33839240673367
-10.625	5.8643358944122464e-58	-128.29301397224208
-10.5625	4.4843870309898766e-57	-126.26932029277694
-10.5	3.3561767968703015e-56	-124.26719259817345
-10.4375	2.4586452293713612e-55	-122.28651215120225
-10.375	1.7632260206207922e-54	-120.327160248081
-10.3125	1.2380351298542851e-53	-118.38901821899597
-10.25	8.51182291630028e-53	-116.47196742863456
-10.1875	5.730975831674336e-52	-114.5758892767287
-10.125	3.779224608789409e-51	-112.70066519860946
-10.0625	2.4411625162006907e-50	-110.84617666577313
-10.	1.5447644410743133e-49	-109.01230518645923
-9.9375	9.577477162379316e-49	-107.19893230624055
-9.875	5.818552697039143e-48	-105.40593960862552
-9.8125	3.464220181586782e-47	-103.63320871567352
-9.75	2.0215027742138664e-46	-101.88062128862282
-9.6875	1.1563070985978038e-45	-100.14805902853242
-9.625	6.484159388331045e-45	-98.43540367693721
-9.5625	3.5650649154232495e-44	-96.74253701651735
-9.5	1.9220562356653126e-43	-95.06934087178216
-9.4375	1.0162515681357937e-42	-93.41569710976857
-9.375	5.270167849418856e-42	-91.78148764075517
-9.3125	2.6809413964636336e-41	-90.16659441899145
-9.25	1.3379547004814647e-40	-88.57089944344322
-9.1875	6.551462507521914e-40	-86.99428475855467
-9.125	3.1479614315396195e-39	-85.43663245502678
-9.0625	1.4844526657325602e-38	-83.8978246706136
-9.	6.870694113917381e-38	-82.37774359093581
-8.9375	3.121646116132877e-37	-80.876271450313
-8.875	1.3924095229910049e-36	-79.39329053261416
-8.8125	6.098204972867597e-36	-77.92868317212788
-8.75	2.6226491952420465e-35	-76.48233175445213
-8.6875	1.1077275618056612e-34	-75.05411871740398
-8.625	4.595488629886721e-34	-73.64392655195098
-8.5625	1.8727844385578958e-33	-72.25163780316304
-8.5	7.498124006630656e-33	-70.87713507118691
-8.4375	2.9496978160617855e-32	-69.52030101224297
-8.375	1.1402861485970257e-31	-68.18101833964549
-8.3125	4.332243909457832e-31	-66.85916982484633
-8.25	1.617804263335551e-30	-65.55463829850383
-8.1875	5.9388773058977445e-30	-64.26730665157613
-8.125	2.143380573594904e-29	-62.99705783644065
-8.0625	7.60609989952436e-29	-61.74377486804094
-8.	2.6542619205056955e-28	-60.50734082505962
-7.9375	9.109525214252494e-28	-59.2876388511203
-7.875	3.0751697943513256e-27	-58.08455215601851
-7.8125	1.0212098779591522e-26	-56.897964016981646
-7.75	3.336449825724322e-26	-55.727757779960484
-7.6875	1.0725782543431818e-25	-54.57381686095115
-7.625	3.3931203786289794e-25	-53.436024747350324
-7.5625	1.0564440635489244e-24	-52.31426499934316
-7.5	3.237589278359705e-24	-51.20842125132566
-7.4375	9.767333789732391e-24	-50.11837721336228
-7.375	2.90108421769579e-23	-49.04401667267952
-7.3125	8.48448819829928e-23	-47.98522349519719
-7.25	2.4435595191421813e-22	-46.941881627097594
-7.1875	6.9311145951295055e-22	-45.91387509643444
-7.125	1.9364978718654738e-21	-44.901088014782125
-7.0625	5.3298579231378654e-21	-43.90340457892703
-7.	1.445272549349794e-20	-42.920709072601454
-6.9375	3.861626025031032e-20	-41.9528858682621
-6.875	1.0167818955092601e-19	-40.999819428913796
-6.8125	2.6385984250805243e-19	-40.06139430998004
-6.75	6.749279851219985e-19	-39.13749516122201
-6.6875	1.7018878134078597e-18	-38.22800672870684
-6.625	4.231013971209987e-18	-37.332813856826895
-6.5625	1.0371669817777649e-17	-36.45180149037189
-6.5	2.5072302643547797e-17	-35.58485467665458
-6.4375	5.977666326784008e-17	-34.731858567692434
-6.375	1.405761312782487e-16	-33.8926984224462
-6.3125	3.2612531057968753e-16	-33.06725960911758
-6.25	7.464503437512065e-16	-32.25542760750722
-6.1875	1.6858203884197154e-15	-31.457088011435165
-6.125	3.7572152427372984e-15	-30.67212653122544
-6.0625	8.264482044113399e-15	-29.900428996256352
-6.	1.794363220705599e-14	-29.141881357578775
-5.9375	3.845922760870877e-14	-28.396369690604207
-5.875	8.138353094605393e-14	-27.663780197864398
-5.8125	1.700468239578825e-13	-26.94399921184484
-5.75	3.5087042588321603e-13	-26.236913197893966
-5.6875	7.150253264040356e-13	-25.542408757210534
-5.625	1.4392712416644241e-12	-24.860372629910604
-5.5625	2.861940057717197e-12	-24.190691698177293
-5.5	5.6224440508158646e-12	-23.533252989494848
-5.4375	1.0914063965783105e-11	-22.887943679969396
-5.375	2.093604141140421e-11	-22.25465109773913
-5.3125	3.969166342256016e-11	-21.63326272647557
-5.25	7.437904219668709e-11	-21.023666208979186
-5.1875	1.3778383300662486e-10	-20.425749350870728
-5.125	2.523435139207751e-10	-19.83940012438189
-5.0625	4.5696400578006114e-10	-19.264506672246572
-5.	8.183093513401496e-10	-18.700957311696243
-4.9375	1.449266908272162e-9	-18.14864053856134
-4.875	2.5387748982609696e-9	-17.60744503148108
-4.8125	4.399411060641355e-9	-17.077259656224893
-4.75	7.542389136709025e-9	-16.55797347012695
-4.6875	1.2794309242556199e-8	-16.049475726637198
-4.625	2.1476706624840138e-8	-15.551655879990685
-4.5625	3.567884806158334e-8	-15.064403589998015
-4.5	5.866722882732559e-8	-14.587608726958823
-4.4375	9.549292464580916e-8	-14.121161376701206
-4.375	1.538816690030473e-7	-13.664951845748623
-4.3125	2.4552278575953654e-7	-13.21887066661704
-4.25	3.8791362270310727e-7	-12.782808603243842
-4.1875	6.069677371967863e-7	-12.356656656550944
-4.125	9.406596309010501e-7	-11.940306070143405
-4.0625	1.4440580291056826e-6	-11.533648336145541
-4.	2.196194913931108e-6	-11.136575201175978
-3.9375	3.309329490481096e-6	-10.748978672462751
-3.875	4.941294782197134e-6	-10.37075102409975
-3.8125	7.311758083481404e-6	-10.001784803445315
-3.75	0.000010723381786852248	-9.641972837663655
-3.6875	0.000015589032769733866	-9.291208240409153
-3.625	0.000022466348719610742	-8.949384418654251
-3.5625	0.00003210111791041969	-8.616395079659938
-3.5	0.00004548105159284711	-8.292134238088677
-3.4375	0.00006390160916575977	-7.976496223258981
-3.375	0.00008904555712903962	-7.669375686539663
-3.3125	0.0001230778832714478	-7.370667608882856
-3.25	0.00016875752675490853	-7.0802673084931325
-3.1875	0.0002295671025611031	-6.7980704486301144
-3.125	0.00030986137739376086	-6.523973045542158
-3.0625	0.0004150346801064345	-6.257871476526648
-3.	0.000551706695921411	-5.9996624881139535
-2.9375	0.0007279252013636278	-5.749243204369855
-2.875	0.0009533832574009688	-5.5065111353117455
-2.8125	0.001239647214848638	-5.271364185433489
-2.75	0.0016003906342402503	-5.0437006623323075
-2.6875	0.0020516279302317327	-4.823419285432259
-2.625	0.0026119402780360266	-4.610419194796615
-2.5625	0.0033026851360850764	-4.404599960022556
-2.5	0.00414817972173789	-4.205861589210206
-2.4375	0.005175848005177808	-4.01410453799815
-2.375	0.0064163203389341035	-3.829229718657267
-2.3125	0.007903474788312067	-3.6511385092340984
-2.25	0.009674409630954875	-3.4797327627355785
-2.1875	0.011769337394069589	-3.3149148163457194
-2.125	0.014231392215929492	-3.156587500666252
-2.0625	0.017106344249005263	-3.0046541489719045
-2.	0.020442217232562072	-2.8590186064722642
-1.9375	0.02428880819138219	-2.7195852395721927
-1.875	0.02869711137567549	-2.5862589451227853
-1.8125	0.03371865193205129	-2.4589451596561944
-1.75	0.03940473825378671	-2.3375498685979004
-1.6875	0.04580564535421245	-2.2219796154509672
-1.625	0.05296974478744336	-2.1121415109480144
-1.5625	0.06094259945553312	-2.0079432421679275
-1.5	0.06976604395038585	-1.9092930816153604
-1.4375	0.07947727276063435	-1.8160998962629147
-1.375	0.09010795963176328	-1.728273156557659
-1.3125	0.10168343153664437	-1.6457229453954783
-1.25	0.11422192006304611	-1.5683599670681494
-1.1875	0.1277339115613258	-1.4960955561914715
-1.125	0.14222161516311618	-1.4288416866238371
-1.0625	0.15767856485891588	-1.3665109803873945
-1.	0.1740893683182817	-1.30901671660685
-0.9375	0.19142961118506985	-1.2562728404825823
-0.875	0.2096659213341603	-1.2081939723180983
-0.8125	0.2287561931979731	-1.1646954166235357
-0.75	0.24864996792575872	-1.1256931713200138
-0.6875	0.2692889609854844	-1.0911039370713576
-0.625	0.2906077250036733	-1.0608451267721608
-0.5625	0.31253443229027905	-1.0348348752228558
-0.5	0.3349917587170508	-1.0129920490242252
-0.4375	0.35789784848485645	-0.9952362567248443
-0.375	0.3811673378747039	-0.9814878592559803
-0.3125	0.4047124153456556	-0.9716679806888059
-0.25	0.42844389530888116	-0.9656985193486417
-0.1875	0.4522722835330371	-0.9635021593201906
-0.125	0.47610881336171146	-0.9650023823765301
-0.0625	0.49986643367023237	-0.9701234803622367
0	0.523460731664543	-0.9787905680586423
0.0625	0.5468107761283253	-0.9909295965552066
0.125	0.5698398694516744	-1.0064673671468634
0.1875	0.5924761996217381	-1.025331545771866
0.25	0.6146533862242373	-1.0474506779984434
0.3125	0.6363109173043314	-1.0727542045619851
0.375	0.6573944765867127	-1.1011724774462526
0.4375	0.6778561629918022	-1.1326367764942737
0.5	0.6976546065553649	-1.1670793265245447
0.5625	0.7167549867250981	-1.2044333149192965
0.625	0.7351289605463738	-1.244632909640444
0.6875	0.7527545094504093	-1.2876132776183324
0.75	0.7696157142238529	-1.3333106034478335
0.8125	0.7857024682819431	-1.3816621083142693
0.875	0.8010101396095389	-1.4326060690615603
0.9375	0.8155391917038638	-1.4860818373035694
1.	0.8292947735830787	-1.5420298584692846
1.0625	0.8422862884523018	-1.6003916906631772
1.125	0.8545269499812513	-1.6611100232126332
1.1875	0.8660333343831479	-1.7241286947670413
1.25	0.8768249356292879	-1.7893927108063175
1.3125	0.8869237302218969	-1.8568482604116991
1.375	0.8963537570103955	-1.9264427321481759
1.4375	0.9051407166003064	-1.9981247289062496
1.5	0.9133115939929076	-2.0718440815510153
1.5625	0.9208943072264916	-2.1475518612287856
1.625	0.9279173839816729	-2.2252003901857744
1.6875	0.9344096673747156	-2.3047432509598638
1.75	0.9404000515017056	-2.3861352938147644
1.8125	0.9459172467168009	-2.4693326422964845
1.875	0.9509895741310278	-2.554292696804366
1.9375	0.9556447884030803	-2.6409741360829306
2.	0.9599099275572374	-2.729336916556561
2.0625	0.9638111883012125	-2.819342269445985
2.125	0.9673738251227346	-2.9109526956237333
2.1875	0.970622071311363	-3.0041319581843893
2.25	0.9735790799744801	-3.098845072725257
2.3125	0.9762668830863923	-3.1950582953524687
2.375	0.9787063666198803	-3.2927391084470172
2.4375	0.9809172598535156	-3.3918562042447267
2.5	0.9829181370191019	-3.4923794663021073
2.5625	0.9847264295457028	-3.5942799489378903
2.625	0.9863584472644938	-3.6975298547559663
2.6875	0.9878294070572423	-3.802102510370236
2.75	0.9891534675564119	-3.907972340464984
2.8125	0.9903437686330862	-4.015114840335446
2.875	0.9914124745370956	-4.123506547062548
2.9375	0.9923708196794421	-4.233125009483074
3.	0.9932291561684217	-4.343948757121495
3.0625	0.9939970023262018	-4.455957268252953
3.125	0.9946830915209568	-4.569130937267796
3.1875	0.9952954207502521	-4.683451041507328
3.25	0.9958412985037495	-4.7988997077376006
3.3125	0.9963273915172977	-4.915459878423685
3.375	0.9967597701061026	-5.033115277961022
3.4375	0.9971439518321054	-5.151850379013007
3.5	0.9974849433202748	-5.271650369095435
3.5625	0.997787280090615	-5.392501117539258
3.625	0.9980550643178173	-5.514389142952464
3.6875	0.9982920004691284	-5.637301581291396
3.75	0.9985014288037257	-5.761226154640382
3.8125	0.998686356744239	-5.886151140787258
3.875	0.9988494881535553	-6.012065343670816
3.9375	0.9989932505682447	-6.138958064764876
4.	0.9991198204543282	-6.266819075452543
4.0625	0.9992311465621633	-6.395638590433551
4.125	0.9993289714653784	-6.525407242197177
4.1875	0.9994148513744568	-6.656116056583755
4.25	0.9994901743191252	-6.7877564294484936
4.3125	0.9995561767954552	-6.920320104433081
4.375	0.99961395897388	-7.053799151842964
4.4375	0.9996644985633755	-7.188185948620959
4.5	0.9997086634251395	-7.323473159402095
4.5625	0.9997472230263919	-7.459653718628838
4.625	0.9997808588216227	-7.59672081370122
4.6875	0.9998101736448556	-7.7346678691324895
4.75	0.9998357001924305	-7.873488531677493
4.8125	0.9998579086715367	-8.013176656398192
4.875	0.9998772136853407	-8.153726293628866
4.9375	0.9998939804211334	-8.295131676801747
5.	0.9999085302035272	-8.437387211092892
5.0625	0.9999211454704159	-8.580487462847508
5.125	0.9999320742252181	-8.724427149743647
5.1875	0.9999415340148634	-8.86920113165348
5.25	0.9999497154791148	-9.014804402161694
5.3125	0.9999567855131215	-9.161232080701406
5.375	0.9999628900816018	-9.308479405268871
5.4375	0.9999681567197737	-9.456541725679497
5.5	0.9999726967530596	-9.605414497328924
5.5625	0.9999766072647208	-9.75509327542435
5.625	0.9999799728378936	-9.905573709652941
5.6875	0.9999828670960283	-10.056851539255476
5.75	0.9999853540634339	-10.208922588475339
5.8125	0.9999874893655252	-10.361782762354283
5.875	0.9999893212864374	-10.515428042848344
5.9375	0.999990891699891	-10.669854485238597
6.	0.9999922368875797	-10.825058214813334
6.0625	0.9999933882578697	-10.981035423799572
6.125	0.9999943729762656	-11.137782368523512
6.1875	0.9999952145178745	-11.295295366780776
6.25	0.9999959331510019	-11.453570795398976
6.3125	0.9999965463600156	-11.612605087976123
6.375	0.9999970692147221	-11.772394732779961
6.4375	0.9999975146926809	-11.932936270794329
6.5	0.9999978939601735	-12.094226293899803
6.5625	0.9999982166168738	-12.256261443176985
6.625	0.9999984909087045	-12.41903840732169
6.6875	0.999998723912826	-12.582553921162338
6.75	0.9999989216982517	-12.746804764270506
6.8125	0.9999990894651645	-12.911787759656644
6.875	0.999999231665641	-13.077499772543426
6.9375	0.9999993521081673	-13.24393770921012
7.	0.9999994540480341	-13.411098515901736
7.0625	0.9999995402654467	-13.578979177797546
7.125	0.9999996131329562	-13.747576718033816
7.1875	0.9999996746736198	-13.91688819677631
7.25	0.999999726611114	-14.086910710338374
7.3125	0.9999997704128818	-14.257641390340915
7.375	0.9999998073272423	-14.429077402910874
7.4375	0.9999998384152826	-14.601215947915177
7.5	0.9999998645782404	-14.77405425822745
7.5625	0.9999998865809934	-14.9475895990249
7.625	0.9999999050721928	-15.12181926711326
7.6875	0.9999999206015037	-15.296740590277683
7.75	0.9999999336343559	-15.472350926657777
7.8125	0.9999999445645554	-15.648647664145132
7.875	0.9999999537250557	-15.825628219801862
7.9375	0.9999999613971485	-16.003290039298733
8.	0.999999967818304	-16.18163059637175
8.0625	0.9999999731888485	-16.360647392296034
8.125	0.9999999776776487	-16.540337955375932
8.1875	0.9999999814269485	-16.720699840450557
8.25	0.9999999845564777	-16.901730628413826
8.3125	0.9999999871669428	-17.083427925748236
8.375	0.999999989342988	-17.26578936407174
8.4375	0.9999999911557043	-17.448812599697014
8.5	0.9999999926647589	-17.6324953132026
8.5625	0.9999999939201938	-17.816835209015263
8.625	0.9999999949639483	-18.001830015003243
8.6875	0.9999999958311474	-18.187477482079778
8.75	0.9999999965511867	-18.373775383816525
8.8125	0.9999999971486505	-18.560721516066568
8.875	0.9999999976440845	-18.74831369659647
8.9375	0.9999999980546479	-18.936549764727246
9.	0.9999999983946606	-19.125427580983683
9.0625	0.9999999986760657	-19.31494502675194
9.125	0.9999999989088167	-19.505100003945007
9.1875	0.9999999991012032	-19.695890434675807
9.25	0.9999999992601245	-19.88731426093764
9.3125	0.9999999993913188	-20.079369444291807
9.375	0.9999999994995554	-20.27205396556214
9.4375	0.9999999995887956	-20.46536582453623
9.5	0.9999999996623272	-20.659303039673127
9.5625	0.9999999997228778	-20.853863647817388
9.625	0.9999999997727077	-21.049045703919234
9.6875	0.9999999998136898	-21.24484728076059
9.75	0.9999999998473741	-21.441266468687004
9.8125	0.9999999998750433	-21.63830137534506
9.875	0.9999999998977573	-21.835950125425338
9.9375	0.9999999999163923	-22.03421086041062
10.	0.9999999999316713	-22.2330817383293
10.0625	0.9999999999441913	-22.432560933513766
10.125	0.999999999954444	-22.632646636363717
10.1875	0.9999999999628351	-22.833337053114214
10.25	0.9999999999696983	-23.03463040560838
10.3125	0.9999999999753086	-23.236524931074605
10.375	0.999999999979892	-23.439018881908154
10.4375	0.999999999983634	-23.642110525457095
10.5	0.9999999999866874	-23.84579814381231
10.5625	0.9999999999891774	-24.05008003360175
10.625	0.9999999999912068	-24.25495450578845
10.6875	0.9999999999928597	-24.460419885472646
10.75	0.9999999999942052	-24.66647451169747
10.8125	0.9999999999953	-24.873116737258464
10.875	0.99999999999619	-25.08034492851666
10.9375	0.9999999999969132	-25.288157465215132
11.	0.9999999999975007	-25.496552740299055
11.0625	0.9999999999979774	-25.70552915973899
11.125	0.9999999999983642	-25.915085142357594
11.1875	0.9999999999986777	-26.12521911965938
11.25	0.9999999999989317	-26.335929535663652
11.3125	0.9999999999991375	-26.54721484674051
11.375	0.999999999999304	-26.759073521449743
11.4375	0.9999999999994387	-26.971504040382726
11.5	0.9999999999995475	-27.184504896007088
11.5625	0.9999999999996354	-27.398074592514153
11.625	0.9999999999997065	-27.612211645669138
11.6875	0.9999999999997637	-27.826914582663935
11.75	0.99999999999981	-28.042181941972537
11.8125	0.9999999999998472	-28.25801227320897
11.875	0.9999999999998773	-28.474404136987687
11.9375	0.9999999999999015	-28.691356104786415
12.	0.999999999999921	-28.90886675881132
12.0625	0.9999999999999366	-29.126934691864562
12.125	0.9999999999999492	-29.345558507214005
12.1875	0.9999999999999593	-29.56473681846525
12.25	0.9999999999999674	-29.78446824943578
12.3125	0.9999999999999739	-30.004751434031203
12.375	0.9999999999999791	-30.22558501612364
12.4375	0.9999999999999833	-30.44696764943208
12.5	0.9999999999999867	-30.668897997404724
12.5625	0.9999999999999893	-30.89137473310334
12.625	0.9999999999999915	-31.11439653908944
12.6875	0.9999999999999932	-31.33796210731237
12.75	0.9999999999999946	-31.56207013899922
12.8125	0.9999999999999957	-31.7867193445465
12.875	0.9999999999999966	-32.01190844341358
12.9375	0.9999999999999972	-32.23763616401787
13.	0.9999999999999978	-32.46390124363162
13.0625	0.9999999999999982	-32.69070242828044
13.125	0.9999999999999987	-32.918038472643346
13.1875	0.9999999999999989	-33.14590813995448
13.25	0.9999999999999991	-33.3743102019063
13.3125	0.9999999999999993	-33.603243438554294
13.375	0.9999999999999994	-33.832706638223264
13.4375	0.9999999999999996	-34.06269859741495
13.5	0.9999999999999997	-34.29321812071716
13.5625	0.9999999999999998	-34.52426402071426
13.625	0.9999999999999998	-34.75583511789909
13.6875	0.9999999999999998	-34.98793024058612
13.75	0.9999999999999999	-35.220548224826054
13.8125	0.9999999999999999	-35.453687914321655
13.875	0.9999999999999999	-35.68734816034483
13.9375	0.9999999999999999	-35.921527821655005
14.	1.	-36.15622576441866
14.0625	1.	-36.39144086213013
14.125	1.	-36.62717199553356
14.1875	1.	-36.863418052545946
14.25	1.	-37.10017792818141
14.3125	1.	-37.33745052447652
14.375	1.	-37.575234750416726
14.4375	1.	-37.81352952186381
14.5	1.	-38.052333761484505
14.5625	1.	-38.291646398679994
14.625	1.	-38.53146636951654
14.6875	1.	-38.77179261665703
14.75	1.	-39.012624089293546
14.8125	1.	-39.25395974308088
14.875	1.	-39.49579854007093
14.9375	1.	-39.738139448648134
15.	1.	-39.98098144346569
15.0625	1.	-40.224323505382735
15.125	1.	-40.4681646214024
15.1875	1.	-40.71250378461068
15.25	1.	-40.9573399941162
15.3125	1.	-41.2026722549907
15.375	1.	-41.448499578210566
15.4375	1.	-41.69482098059885
15.5	1.	-41.941635484768334
15.5625	1.	-42.18894211906523
15.625	1.	-42.436739917513684
15.6875	1.	-42.68502791976102
15.75	1.	-42.9338051710237
15.8125	1.	-43.18307072203403
15.875	1.	-43.43282362898757
15.9375	1.	-43.683062953491216
16.	1.	-43.93378776251198
16.0625	1.	-44.18499712832649
16.125	1.	-44.436690128471035
16.1875	1.	-44.68886584569238
16.25	1.	-44.94152336789919
16.3125	1.	-45.194661788114004
16.375	1.	-45.448280204425956
16.4375	1.	-45.702377719943996
16.5	1.	-45.95695344275078
16.5625	1.	-46.21200648585709
16.625	1.	-46.467535967156905
16.6875	1.	-46.723541009382956
16.75	1.	-46.98002074006294
16.8125	1.	-47.23697429147616
16.875	1.	-47.494400800610876
16.9375	1.	-47.75229940912198
17.	1.	-48.01066926328944
17.0625	1.	-48.26950951397699
17.125	1.	-48.528819316591594
17.1875	1.	-48.78859783104323
17.25	1.	-49.04884422170521
17.3125	1.	-49.309557657375045
17.375	1.	-49.570737311235696
17.4375	1.	-49.83238236081739
17.5	1.	-50.09449198795982
17.5625	1.	-50.35706537877482
17.625	1.	-50.620101723609544
17.6875	1.	-50.88360021700999
17.75	1.	-51.14756005768507
17.8125	1.	-51.411980448471
17.875	1.	-51.67686059629621
17.9375	1.	-51.942199712146575
18.	1.	-52.20799701103114
18.0625	1.	-52.474251711948185
18.125	1.	-52.740963037851756
18.1875	1.	-53.008130215618486
18.25	1.	-53.275752476014915
18.3125	1.	-53.543829053665085
18.375	1.	-53.8123591870186
18.4375	1.	-54.08134211831901
18.5	1.	-54.35077709357251
18.5625	1.	-54.620663362517135
18.625	1.	-54.89100017859214
18.6875	1.	-55.16178679890785
18.75	1.	-55.433022484215805
18.8125	1.	-55.70470649887923
18.875	1.	-55.976838110843914
18.9375	1.	-56.24941659160926
19.	1.	-56.52244121619984
19.0625	1.	-56.79591126313713
19.125	1.	-57.06982601441168
19.1875	1.	-57.344184755455444
19.25	1.	-57.61898677511456
19.3125	1.	-57.89423136562233
19.375	1.	-58.16991782257258
19.4375	1.	-58.446045444893215
19.5	1.	-58.72261353482014
19.5625	1.	-58.999621397871444
19.625	1.	-59.277068342821856
19.6875	1.	-59.55495368167749
19.75	1.	-59.833276729650805
19.8125	1.	-60.112036805135965
19.875	1.	-60.39123322968431
19.9375	1.	-60.67086532798021
20.	1.	-60.95093242781708
20.0625	1.	-61.231433860073736
20.125	1.	-61.51236895869095
20.1875	1.	-61.793737060648255
20.25	1.	-62.07553750594101
20.3125	1.	-62.35776963755771
20.375	1.	-62.64043280145751
20.4375	1.	-62.92352634654801
20.5	1.	-63.207049624663235
20.5625	1.	-63.491001990541896
20.625	1.	-63.775382801805826
20.6875	1.	-64.06019141893869
20.75	1.	-64.34542720526481
20.8125	1.	-64.63108952692838
20.875	1.	-64.91717775287272
20.9375	1.	-65.20369125481986
21.	1.	-65.49062940725024
21.0625	1.	-65.7779915873827
21.125	1.	-66.06577717515465
21.1875	1.	-66.35398555320239
21.25	1.	-66.64261610684164
21.3125	1.	-66.9316682240484
21.375	1.	-67.22114129543972
21.4375	1.	-67.51103471425502
21.5	1.	-67.80134787633723
21.5625	1.	-68.09208018011445
21.625	1.	-68.3832310265815
21.6875	1.	-68.6747998192819
21.75	1.	-68.96678596428983
21.8125	1.	-69.2591888701924
21.875	1.	-69.55200794807206
21.9375	1.	-69.84524261148908
22.	1.	-70.13889227646439
22.0625	1.	-70.43295636146243
22.125	1.	-70.72743428737421
22.1875	1.	-71.02232547750057
22.25	1.	-71.31762935753558
22.3125	1.	-71.61334535555004
22.375	1.	-71.90947290197526
22.4375	1.	-72.20601142958687
22.5	1.	-72.50296037348885
22.5625	1.	-72.80031917109775
22.625	1.	-73.09808726212694
22.6875	1.	-73.3962640885711
22.75	1.	-73.6948490946909
22.8125	1.	-73.99384172699763
22.875	1.	-74.29324143423823
22.9375	1.	-74.59304766738023
23.	1.	-74.89325987959705
23.0625	1.	-75.19387752625319
23.125	1.	-75.49490006488975
23.1875	1.	-75.79632695521005
23.25	1.	-76.0981576590653
23.3125	1.	-76.40039164044043
23.375	1.	-76.70302836544022
23.4375	1.	-77.00606730227521
23.5	1.	-77.3095079212481
23.5625	1.	-77.61334969474001
23.625	1.	-77.91759209719704
23.6875	1.	-78.22223460511684
23.75	1.	-78.52727669703535
23.8125	1.	-78.83271785351364
23.875	1.	-79.13855755712493
23.9375	1.	-79.44479529244158
24.	1.	-79.7514305460224
24.0625	1.	-80.0584628063999
24.125	1.	-80.3658915640677
24.1875	1.	-80.6737163114681
24.25	1.	-80.98193654297978
24.3125	1.	-81.29055175490545
24.375	1.	-81.59956144545983
24.4375	1.	-81.9089651147575
24.5	1.	-82.2187622648011
24.5625	1.	-82.52895239946943
24.625	1.	-82.83953502450578
24.6875	1.	-83.15050964750628
24.75	1.	-83.46187577790843
24.8125	1.	-83.77363292697964
24.875	1.	-84.08578060780597
24.9375	1.	-84.39831833528088
25.	1.	-84.7112456260941
25.0625	1.	-85.02456199872064
25.125	1.	-85.33826697340984
25.1875	1.	-85.65236007217453
25.25	1.	-85.96684081878028
25.3125	1.	-86.28170873873476
25.375	1.	-86.5969633592772
25.4375	1.	-86.91260420936784
25.5	1.	-87.22863081967763
25.5625	1.	-87.54504272257788
25.625	1.	-87.86183945213006
25.6875	1.	-88.17902054407566
25.75	1.	-88.4965855358262
25.8125	1.	-88.8145339664532
25.875	1.	-89.13286537667832
25.9375	1.	-89.45157930886366
26.	1.	-89.77067530700187
26.0625	1.	-90.09015291670669
26.125	1.	-90.41001168520327
26.1875	1.	-90.73025116131882
26.25	1.	-91.05087089547305
26.3125	1.	-91.37187043966901
26.375	1.	-91.69324934748373
26.4375	1.	-92.01500717405912
26.5	1.	-92.33714347609285
26.5625	1.	-92.6596578118293
26.625	1.	-92.98254974105068
26.6875	1.	-93.30581882506807
26.75	1.	-93.6294646267127
26.8125	1.	-93.95348671032714
26.875	1.	-94.27788464175669
26.9375	1.	-94.60265798834074
27.	1.	-94.92780631890429
27.0625	1.	-95.25332920374947
27.125	1.	-95.57922621464712
27.1875	1.	-95.90549692482853
27.25	1.	-96.23214090897709
27.3125	1.	-96.5591577432202
27.375	1.	-96.88654700512103
27.4375	1.	-97.21430827367058
27.5	1.	-97.54244112927954
27.5625	1.	-97.87094515377046
27.625	1.	-98.19981993036983
27.6875	1.	-98.5290650437002
27.75	1.	-98.85868007977257
27.8125	1.	-99.18866462597855
27.875	1.	-99.51901827108279
27.9375	1.	-99.84974060521539
28.	1.	-100.18083121986442
28.0625	1.	-100.51228970786836
28.125	1.	-100.8441156634088
28.1875	1.	-101.17630868200304
28.25	1.	-101.50886836049675
28.3125	1.	-101.84179429705686
28.375	1.	-102.17508609116426
28.4375	1.	-102.50874334360674
28.5	1.	-102.84276565647188
28.5625	1.	-103.17715263314004
28.625	1.	-103.51190387827738
28.6875	1.	-103.84701899782903
28.75	1.	-104.18249759901205
28.8125	1.	-104.51833929030882
28.875	1.	-104.85454368146011
28.9375	1.	-105.19111038345852
29.	1.	-105.52803900854167
29.0625	1.	-105.8653291701857
29.125	1.	-106.20298048309864
29.1875	1.	-106.54099256321398
29.25	1.	-106.87936502768407
29.3125	1.	-107.21809749487385
29.375	1.	-107.55718958435435
29.4375	1.	-107.89664091689647
29.5	1.	-108.23645111446464
29.5625	1.	-108.5766198002106
29.625	1.	-108.91714659846718
29.6875	1.	-109.25803113474228
29.75	1.	-109.59927303571261
29.8125	1.	-109.94087192921775
29.875	1.	-110.28282744425407
29.9375	1.	-110.62513921096881
30.	1.	-110.96780686065416
30.0625	1.	-111.31083002574137
30.125	1.	-111.65420833979482
30.1875	1.	-111.99794143750641
30.25	1.	-112.34202895468964
30.3125	1.	-112.68647052827396
30.375	1.	-113.03126579629908
30.4375	1.	-113.37641439790939
30.5	1.	-113.72191597334826
30.5625	1.	-114.06777016395257
30.625	1.	-114.41397661214722
30.6875	1.	-114.76053496143952
30.75	1.	-115.10744485641389
30.8125	1.	-115.45470594272638
30.875	1.	-115.80231786709935
30.9375	1.	-116.1502802773161
31.	1.	-116.49859282221566
31.0625	1.	-116.84725515168742
31.125	1.	-117.19626691666605
31.1875	1.	-117.54562776912621
31.25	1.	-117.89533736207747
31.3125	1.	-118.24539534955917
31.375	1.	-118.59580138663539
31.4375	1.	-118.94655512938984
31.5	1.	-119.29765623492094
31.5625	1.	-119.64910436133681
31.625	1.	-120.00089916775032
31.6875	1.	-120.35304031427421
31.75	1.	-120.70552746201622
31.8125	1.	-121.05836027307427
31.875	1.	-121.41153841053163
31.9375	1.	-121.76506153845217
32.	1.	-122.1189293218756
32.0625	1.	-122.47314142681277
32.125	1.	-122.82769752024106
32.1875	1.	-123.18259727009963
32.25	1.	-123.53784034528489
32.3125	1.	-123.89342641564589
32.375	1.	-124.24935515197976
32.4375	1.	-124.60562622602721
32.5	1.	-124.96223931046805
32.5625	1.	-125.3191940789167
32.625	1.	-125.67649020591774
32.6875	1.	-126.03412736694162
32.75	1.	-126.39210523838013
32.8125	1.	-126.7504234975422
32.875	1.	-127.1090818226495
32.9375	1.	-127.46807989283215
33.	1.	-127.82741738812456
33.0625	1.	-128.18709398946106
33.125	1.	-128.5471093786718
33.1875	1.	-128.9074632384785
33.25	1.	-129.26815525249043
33.3125	1.	-129.62918510520012
33.375	1.	-129.99055248197942
33.4375	1.	-130.35225706907525
33.5	1.	-130.71429855360577
33.5625	1.	-131.07667662355624
33.625	1.	-131.43939096777504
33.6875	1.	-131.80244127596967
33.75	1.	-132.16582723870297
33.8125	1.	-132.529548547389
33.875	1.	-132.8936048942893
33.9375	1.	-133.25799597250892
34.	1.	-133.6227214759927
34.0625	1.	-133.98778109952136
34.125	1.	-134.3531745387077
34.1875	1.	-134.7189014899929
34.25	1.	-135.08496165064278
34.3125	1.	-135.45135471874406
34.375	1.	-135.81808039320052
34.4375	1.	-136.18513837372961
34.5	1.	-136.55252836085862
34.5625	1.	-136.920250055921
34.625	1.	-137.28830316105294
34.6875	1.	-137.65668737918963
34.75	1.	-138.02540241406174
34.8125	1.	-138.394447970192
34.875	1.	-138.76382375289145
34.9375	1.	-139.13352946825623
35.	1.	-139.50356482316377
35.0625	1.	-139.87392952526974
35.125	1.	-140.24462328300424
35.1875	1.	-140.61564580556868
35.25	1.	-140.98699680293217
35.3125	1.	-141.35867598582834
35.375	1.	-141.7306830657519
35.4375	1.	-142.10301775495526
35.5	1.	-142.47567976644538
35.5625	1.	-142.84866881398034
35.625	1.	-143.22198461206614
35.6875	1.	-143.59562687595343
35.75	1.	-143.96959532163436
35.8125	1.	-144.34388966583927
35.875	1.	-144.71850962603352
35.9375	1.	-145.0934549204144
36.	1.	-145.46872526790787
36.0625	1.	-145.84432038816556
36.125	1.	-146.22024000156156
36.1875	1.	-146.59648382918934
36.25	1.	-146.97305159285872
36.3125	1.	-147.34994301509275
36.375	1.	-147.72715781912476
36.4375	1.	-148.10469572889525
36.5	1.	-148.48255646904894
36.5625	1.	-148.8607397649318
36.625	1.	-149.23924534258802
36.6875	1.	-149.61807292875713
36.75	1.	-149.99722225087103
36.8125	1.	-150.3766930370511
36.875	1.	-150.75648501610524
36.9375	1.	-151.13659791752514
37.	1.	-151.5170314714832
37.0625	1.	-151.8977854088299
37.125	1.	-152.27885946109075
37.1875	1.	-152.66025336046377
37.25	1.	-153.04196683981635
37.3125	1.	-153.42399963268278
37.375	1.	-153.80635147326123
37.4375	1.	-154.18902209641118
37.5	1.	-154.57201123765066
37.5625	1.	-154.9553186331534
37.625	1.	-155.33894401974635
37.6875	1.	-155.72288713490676
37.75	1.	-156.10714771675964
37.8125	1.	-156.4917255040752
37.875	1.	-156.87662023626592
37.9375	1.	-157.2618316533843
38.	1.	-157.64735949611983
38.0625	1.	-158.03320350579685
38.125	1.	-158.41936342437154
38.1875	1.	-158.8058389944297
38.25	1.	-159.19262995918396
38.3125	1.	-159.57973606247137
38.375	1.	-159.96715704875086
38.4375	1.	-160.35489266310069
38.5	1.	-160.74294265121597
38.5625	1.	-161.13130675940624
38.625	1.	-161.51998473459292
38.6875	1.	-161.90897632430688
38.75	1.	-162.29828127668608
38.8125	1.	-162.68789934047302
38.875	1.	-163.0778302650124
38.9375	1.	-163.46807380024873
39.	1.	-163.85862969672394
39.0625	1.	-164.24949770557498
39.125	1.	-164.64067757853144
39.1875	1.	-165.0321690679133
39.25	1.	-165.42397192662852
39.3125	1.	-165.81608590817078
39.375	1.	-166.20851076661708
39.4375	1.	-166.6012462566255
39.5	1.	-166.99429213343296
39.5625	1.	-167.38764815285293
39.625	1.	-167.7813140712731
39.6875	1.	-168.17528964565318
39.75	1.	-168.5695746335228
39.8125	1.	-168.96416879297902
39.875	1.	-169.35907188268436
39.9375	1.	-169.75428366186452
40.	1.	-170.14980389030617
40.0625	1.	-170.5456323283548
40.125	1.	-170.94176873691256
40.1875	1.	-171.33821287743615
40.25	1.	-171.7349645119346
40.3125	1.	-172.13202340296726
40.375	1.	-172.52938931364156
40.4375	1.	-172.92706200761094
40.5	1.	-173.32504124907288
40.5625	1.	-173.72332680276662
40.625	1.	-174.1219184339713
40.6875	1.	-174.5208159085037
40.75	1.	-174.92001899271636
40.8125	1.	-175.31952745349543
40.875	1.	-175.71934105825875
40.9375	1.	-176.11945957495368
41.	1.	-176.51988277205527
41.0625	1.	-176.9206104185642
41.125	1.	-177.32164228400467
41.1875	1.	-177.72297813842266
41.25	1.	-178.1246177523838
41.3125	1.	-178.5265608969715
41.375	1.	-178.92880734378494
41.4375	1.	-179.33135686493716
41.5	1.	-179.73420923305324
41.5625	1.	-180.13736422126817
41.625	1.	-180.54082160322525
41.6875	1.	-180.94458115307387
41.75	1.	-181.3486426454679
41.8125	1.	-181.75300585556363
41.875	1.	-182.15767055901802
41.9375	1.	-182.56263653198687
42.	1.	-182.9679035511228
42.0625	1.	-183.37347139357365
42.125	1.	-183.77933983698043
42.1875	1.	-184.18550865947574
42.25	1.	-184.59197763968177
42.3125	1.	-184.9987465567086
42.375	1.	-185.40581519015234
42.4375	1.	-185.8131833200935
42.5	1.	-186.220850727095
42.5625	1.	-186.6288171922007
42.625	1.	-187.0370824969333
42.6875	1.	-187.44564642329289
42.75	1.	-187.8545087537551
42.8125	1.	-188.2636692712694
42.875	1.	-188.6731277592573
42.9375	1.	-189.0828840016108
43.	1.	-189.49293778269055
43.0625	1.	-189.9032888873242
43.125	1.	-190.3139371008048
43.1875	1.	-190.72488220888903
43.25	1.	-191.13612399779555
43.3125	1.	-191.5476622542034
43.375	1.	-191.9594967652503
43.4375	1.	-192.371627318531
43.5	1.	-192.78405370209572
43.5625	1.	-193.1967757044484
43.625	1.	-193.60979311454534
43.6875	1.	-194.0231057217932
43.75	1.	-194.4367133160478
43.8125	1.	-194.8506156876122
43.875	1.	-195.26481262723541
43.9375	1.	-195.67930392611063
44.	1.	-196.09408937587364
44.0625	1.	-196.50916876860143
44.125	1.	-196.9245418968105
44.1875	1.	-197.34020855345534
44.25	1.	-197.75616853192693
44.3125	1.	-198.17242162605123
44.375	1.	-198.58896763008755
44.4375	1.	-199.00580633872715
44.5	1.	-199.4229375470917
44.5625	1.	-199.84036105073173
44.625	1.	-200.25807664562518
44.6875	1.	-200.67608412817594
44.75	1.	-201.09438329521237
44.8125	1.	-201.5129739439857
44.875	1.	-201.93185587216877
44.9375	1.	-202.35102887785445
45.	1.	-202.77049275955414
45.0625	1.	-203.19024731619655
45.125	1.	-203.61029234712595
45.1875	1.	-204.03062765210097
45.25	1.	-204.45125303129322
45.3125	1.	-204.87216828528557
45.375	1.	-205.2933732150711
45.4375	1.	-205.71486762205151
45.5	1.	-206.13665130803568
45.5625	1.	-206.55872407523842
45.625	1.	-206.981085726279
45.6875	1.	-207.40373606417984
45.75	1.	-207.82667489236505
45.8125	1.	-208.24990201465914
45.875	1.	-208.67341723528568
45.9375	1.	-209.09722035886583
46.	1.	-209.52131119041715
46.0625	1.	-209.9456895353522
46.125	1.	-210.37035519947716
46.1875	1.	-210.79530798899054
46.25	1.	-211.22054771048198
46.3125	1.	-211.6460741709307
46.375	1.	-212.0718871777044
46.4375	1.	-212.49798653855788
46.5	1.	-212.92437206163174
46.5625	1.	-213.3510435554511
46.625	1.	-213.77800082892438
46.6875	1.	-214.20524369134188
46.75	1.	-214.63277195237467
46.8125	1.	-215.06058542207325
46.875	1.	-215.48868391086626
46.9375	1.	-215.91706722955934
47.	1.	-216.34573518933374
47.0625	1.	-216.77468760174517
47.125	1.	-217.2039242787226
47.1875	1.	-217.63344503256695
47.25	1.	-218.06324967594983
47.3125	1.	-218.4933380219125
47.375	1.	-218.92370988386446
47.4375	1.	-219.3543650755824
47.5	1.	-219.78530341120884
47.5625	1.	-220.21652470525112
47.625	1.	-220.64802877258006
47.6875	1.	-221.07981542842887
47.75	1.	-221.51188448839184
47.8125	1.	-221.94423576842337
47.875	1.	-222.37686908483664
47.9375	1.	-222.80978425430249
48.	1.	-223.24298109384824
48.0625	1.	-223.67645942085665
48.125	1.	-224.11021905306458
48.1875	1.	-224.54425980856206
48.25	1.	-224.978581505791
48.3125	1.	-225.41318396354407
48.375	1.	-225.84806700096368
48.4375	1.	-226.28323043754074
48.5	1.	-226.7186740931136
48.5625	1.	-227.15439778786697
48.625	1.	-227.5904013423307
48.6875	1.	-228.02668457737877
48.75	1.	-228.46324731422825
48.8125	1.	-228.90008937443807
48.875	1.	-229.33721057990795
48.9375	1.	-229.7746107528774
49.	1.	-230.2122897159247
49.0625	1.	-230.65024729196557
49.125	1.	-231.08848330425235
49.1875	1.	-231.52699757637288
49.25	1.	-231.96578993224932
49.3125	1.	-232.4048601961373
49.375	1.	-232.8442081926246
49.4375	1.	-233.28383374663045
49.5	1.	-233.72373668340416
49.5625	1.	-234.1639168285243
49.625	1.	-234.60437400789758
49.6875	1.	-235.04510804775782
49.75	1.	-235.486118774665
49.8125	1.	-235.92740601550412
49.875	1.	-236.3689695974843
49.9375	1.	-236.8108093481377
50.	1.	-237.2529250953186
50.0625	1.	-237.6953166672023
50.125	1.	-238.13798389228415
50.1875	1.	-238.58092659937864
50.25	1.	-239.0241446176183
50.3125	1.	-239.46763777645276
50.375	1.	-239.91140590564783
50.4375	1.	-240.35544883528442
50.5	1.	-240.79976639575767
50.5625	1.	-241.24435841777589
50.625	1.	-241.6892247323597
50.6875	1.	-242.13436517084097
50.75	1.	-242.57977956486192
50.8125	1.	-243.02546774637423
50.875	1.	-243.47142954763794
50.9375	1.	-243.91766480122064
51.	1.	-244.3641733399965
51.0625	1.	-244.81095499714536
51.125	1.	-245.2580096061517
51.1875	1.	-245.70533700080375
51.25	1.	-246.15293701519272
51.3125	1.	-246.6008094837117
51.375	1.	-247.04895424105482
51.4375	1.	-247.49737112221632
51.5	1.	-247.94605996248964
51.5625	1.	-248.39502059746658
51.625	1.	-248.8442528630363
51.6875	1.	-249.29375659538454
51.75	1.	-249.74353163099255
51.8125	1.	-250.19357780663648
51.875	1.	-250.64389495938624
51.9375	1.	-251.0944829266047
52.	1.	-251.5453415459469
52.0625	1.	-251.99647065535908
52.125	1.	-252.4478700930778
52.1875	1.	-252.8995396976292
52.25	1.	-253.35147930782793
52.3125	1.	-253.80368876277657
52.375	1.	-254.25616790186447
52.4375	1.	-254.70891656476715
52.5	1.	-255.16193459144534
52.5625	1.	-255.61522182214412
52.625	1.	-256.0687780973921
52.6875	1.	-256.52260325800063
52.75	1.	-256.9766971450629
52.8125	1.	-257.43105959995313
52.875	1.	-257.8856904643258
52.9375	1.	-258.3405895801148
53.	1.	-258.79575678953245
53.0625	1.	-259.2511919350689
53.125	1.	-259.70689485949134
53.1875	1.	-260.1628654058429
53.25	1.	-260.6191034174422
53.3125	1.	-261.0756087378823
53.375	1.	-261.53238121103
53.4375	1.	-261.98942068102497
53.5	1.	-262.4467269922791
53.5625	1.	-262.9042999894755
53.625	1.	-263.362139517568
53.6875	1.	-263.8202454217801
53.75	1.	-264.2786175476042
53.8125	1.	-264.7372557408011
53.875	1.	-265.196159847399
53.9375	1.	-265.65532971369254
54.	1.	-266.1147651862425
54.0625	1.	-266.57446611187476
54.125	1.	-267.03443233767945
54.1875	1.	-267.4946637110105
54.25	1.	-267.9551600794845
54.3125	1.	-268.4159212909802
54.375	1.	-268.8769471936378
54.4375	1.	-269.3382376358581
54.5	1.	-269.79979246630154
54.5625	1.	-270.26161153388796
54.625	1.	-270.7236946877954
54.6875	1.	-271.18604177745965
54.75	1.	-271.64865265257345
54.8125	1.	-272.1115271630855
54.875	1.	-272.57466515920026
54.9375	1.	-273.03806649137675
55.	1.	-273.50173101032806
55.0625	1.	-273.96565856702057
55.125	1.	-274.4298490126732
55.1875	1.	-274.8943021987568
55.25	1.	-275.3590179769934
55.3125	1.	-275.82399619935546
55.375	1.	-276.2892367180652
55.4375	1.	-276.75473938559384
55.5	1.	-277.22050405466103
55.5625	1.	-277.6865305782341
55.625	1.	-278.1528188095272
55.6875	1.	-278.619368602001
55.75	1.	-279.0861798093615
55.8125	1.	-279.5532522855597
55.875	1.	-280.020585884791
55.9375	1.	-280.488180461494
56.	1.	-280.9560358703505
56.0625	1.	-281.4241519662843
56.125	1.	-281.8925286044608
56.1875	1.	-282.3611656402861
56.25	1.	-282.83006292940684
56.3125	1.	-283.2992203277088
56.375	1.	-283.76863769131677
56.4375	1.	-284.2383148765939
56.5	1.	-284.7082517401406
56.5625	1.	-285.17844813879435
56.625	1.	-285.64890392962894
56.6875	1.	-286.11961896995354
56.75	1.	-286.5905931173124
56.8125	1.	-287.06182622948415
56.875	1.	-287.53331816448093
56.9375	1.	-288.00506878054796
57.	1.	-288.4770779361629
57.0625	1.	-288.94934549003517
57.125	1.	-289.4218713011052
57.1875	1.	-289.894655228544
57.25	1.	-290.36769713175255
57.3125	1.	-290.8409968703609
57.375	1.	-291.3145543042278
57.4375	1.	-291.7883692934399
57.5	1.	-292.26244169831153
57.5625	1.	-292.73677137938347
57.625	1.	-293.2113581974228
57.6875	1.	-293.6862020134222
57.75	1.	-294.16130268859916
57.8125	1.	-294.63666008439566
57.875	1.	-295.1122740624773
57.9375	1.	-295.5881444847328
58.	1.	-296.0642712132736
58.0625	1.	-296.54065411043285
58.125	1.	-297.0172930387651
58.1875	1.	-297.49418786104576
58.25	1.	-297.97133844027036
58.3125	1.	-298.44874463965385
58.375	1.	-298.92640632263044
58.4375	1.	-299.4043233528525
58.5	1.	-299.88249559419035
58.5625	1.	-300.3609229107316
58.625	1.	-300.83960516678036
58.6875	1.	-301.318542226857
58.75	1.	-301.79773395569737
58.8125	1.	-302.27718021825217
58.875	1.	-302.75688087968666
58.9375	1.	-303.23683580537977
59.	1.	-303.71704486092375
59.0625	1.	-304.19750791212357
59.125	1.	-304.6782248249962
59.1875	1.	-305.1591954657704
59.25	1.	-305.64041970088573
59.3125	1.	-306.1218973969923
59.375	1.	-306.60362842095026
59.4375	1.	-307.0856126398289
59.5	1.	-307.5678499209065
59.5625	1.	-308.0503401316695
59.625	1.	-308.53308313981205
59.6875	1.	-309.0160788132357
59.75	1.	-309.4993270200484
59.8125	1.	-309.9828276285643
59.875	1.	-310.46658050730304
59.9375	1.	-310.95058552498955
60.	1.	-311.43484255055296
60.0625	1.	-311.9193514531265
60.125	1.	-312.40411210204695
60.1875	1.	-312.8891243668539
60.25	1.	-313.3743881172893
60.3125	1.	-313.859903223297
60.375	1.	-314.3456695550223
60.4375	1.	-314.83168698281133
60.5	1.	-315.31795537721035
60.5625	1.	-315.80447460896556
60.625	1.	-316.29124454902257
60.6875	1.	-316.7782650685255
60.75	1.	-317.265536038817
60.8125	1.	-317.7530573314373
60.875	1.	-318.240828818124
60.9375	1.	-318.7288503708113
61.	1.	-319.21712186162995
61.0625	1.	-319.7056431629061
61.125	1.	-320.1944141471614
61.1875	1.	-320.68343468711214
61.25	1.	-321.1727046556689
61.3125	1.	-321.662223925936
61.375	1.	-322.1519923712112
61.4375	1.	-322.64200986498474
61.5	1.	-323.13227628093944
61.5625	1.	-323.6227914929498
61.625	1.	-324.1135553750816
61.6875	1.	-324.60456780159166
61.75	1.	-325.095828646927
61.8125	1.	-325.5873377857245
61.875	1.	-326.0790950928106
61.9375	1.	-326.57110044320046
62.	1.	-327.0633537120979
62.0625	1.	-327.5558547748947
62.125	1.	-328.04860350717
62.1875	1.	-328.5415997846901
62.25	1.	-329.0348434834079
62.3125	1.	-329.5283344794622
62.375	1.	-330.0220726491778
62.4375	1.	-330.5160578690644
62.5	1.	-331.0102900158165
62.5625	1.	-331.50476896631284
62.625	1.	-331.99949459761604
62.6875	1.	-332.494466786972
62.75	1.	-332.9896854118095
62.8125	1.	-333.4851503497398
62.875	1.	-333.98086147855616
62.9375	1.	-334.4768186762333
63.	1.	-334.97302182092704
63.0625	1.	-335.46947079097396
63.125	1.	-335.96616546489065
63.1875	1.	-336.4631057213736
63.25	1.	-336.9602914392986
63.3125	1.	-337.4577224977201
63.375	1.	-337.95539877587134
63.4375	1.	-338.4533201531632
63.5	1.	-338.9514865091843
63.5625	1.	-339.44989772370036
63.625	1.	-339.9485536766537
63.6875	1.	-340.44745424816307
63.75	1.	-340.94659931852283
63.8125	1.	-341.4459887682028
63.875	1.	-341.9456224778479
63.9375	1.	-342.44550032827743
64.	1.	-342.9456222004849
64.0625	1.	-343.4459879756374
64.125	1.	-343.9465975350754
64.1875	1.	-344.44745076031217
64.25	1.	-344.94854753303343
64.3125	1.	-345.4498877350969
64.375	1.	-345.9514712485319
64.4375	1.	-346.45329795553897
64.5	1.	-346.9553677384893
64.5625	1.	-347.45768047992465
64.625	1.	-347.9602360625564
64.6875	1.	-348.46303436926587
64.75	1.	-348.9660752831032
64.8125	1.	-349.46935868728735
64.875	1.	-349.97288446520565
64.9375	1.	-350.47665250041325
65.	1.	-350.98066267663285
65.0625	1.	-351.48491487775436
65.125	1.	-351.9894089878343
65.1875	1.	-352.4941448910954
65.25	1.	-352.99912247192657
65.3125	1.	-353.50434161488204
65.375	1.	-354.00980220468125
65.4375	1.	-354.51550412620827
65.5	1.	-355.02144726451166
65.5625	1.	-355.5276315048039
65.625	1.	-356.0340567324609
65.6875	1.	-356.5407228330219
65.75	1.	-357.0476296921889
65.8125	1.	-357.55477719582615
65.875	1.	-358.06216522996016
65.9375	1.	-358.5697936807789
66.	1.	-359.07766243463163
66.0625	1.	-359.58577137802865
66.125	1.	-360.09412039764044
66.1875	1.	-360.6027093802979
66.25	1.	-361.11153821299143
66.3125	1.	-361.62060678287105
66.375	1.	-362.1299149772455
66.4375	1.	-362.6394626835824
66.5	1.	-363.1492497895074
66.5625	1.	-363.65927618280415
66.625	1.	-364.1695417514138
66.6875	1.	-364.6800463834346
66.75	1.	-365.19078996712165
66.8125	1.	-365.70177239088633
66.875	1.	-366.21299354329625
66.9375	1.	-366.7244533130745
67.	1.	-367.2361515890996
67.0625	1.	-367.74808826040504
67.125	1.	-368.2602632161789
67.1875	1.	-368.7726763457635
67.25	1.	-369.28532753865494
67.3125	1.	-369.798216684503
67.375	1.	-370.3113436731106
67.4375	1.	-370.8247083944335
67.5	1.	-371.33831073857976
67.5625	1.	-371.8521505958097
67.625	1.	-372.36622785653543
67.6875	1.	-372.8805424113204
67.75	1.	-373.3950941508791
67.8125	1.	-373.9098829660769
67.875	1.	-374.4249087479294
67.9375	1.	-374.9401713876023
68.	1.	-375.45567077641084
68.0625	1.	-375.9714068058198
68.125	1.	-376.4873793674429
68.1875	1.	-377.00358835304246
68.25	1.	-377.5200336545292
68.3125	1.	-378.0367151639618
68.375	1.	-378.5536327735465
68.4375	1.	-379.070786375637
68.5	1.	-379.5881758627339
68.5625	1.	-380.1058011274845
68.625	1.	-380.62366206268223
68.6875	1.	-381.1417585612667
68.75	1.	-381.6600905163231
68.8125	1.	-382.1786578210819
68.875	1.	-382.69746036891866
68.9375	1.	-383.21649805335346
69.	1.	-383.73577076805077
69.0625	1.	-384.2552784068191
69.125	1.	-384.7750208636107
69.1875	1.	-385.294998032521
69.25	1.	-385.8152098077886
69.3125	1.	-386.33565608379485
69.375	1.	-386.8563367550634
69.4375	1.	-387.37725171626
69.5	1.	-387.8984008621922
69.5625	1.	-388.419784087809
69.625	1.	-388.9414012882004
69.6875	1.	-389.4632523585974
69.75	1.	-389.9853371943713
69.8125	1.	-390.50765569103373
69.875	1.	-391.0302077442361
69.9375	1.	-391.5529932497695
70.	1.	-392.07601210356404
70.0625	1.	-392.599264201689
70.125	1.	-393.1227494403521
70.1875	1.	-393.6464677158996
70.25	1.	-394.1704189248155
70.3125	1.	-394.6946029637218
70.375	1.	-395.2190197293777
70.4375	1.	-395.74366911867946
70.5	1.	-396.2685510286604
70.5625	1.	-396.79366535649
70.625	1.	-397.31901199947424
70.6875	1.	-397.8445908550547
70.75	1.	-398.37040182080887
70.8125	1.	-398.8964447944493
70.875	1.	-399.4227196738235
70.9375	1.	-399.9492263569139
71.	1.	-400.4759647418373
71.0625	1.	-401.0029347268444
71.125	1.	-401.5301362103199
71.1875	1.	-402.0575690907819
71.25	1.	-402.58523326688197
71.3125	1.	-403.1131286374044
71.375	1.	-403.64125510126604
71.4375	1.	-404.1696125575165
71.5	1.	-404.69820090533705
71.5625	1.	-405.227020044041
71.625	1.	-405.756069873073
71.6875	1.	-406.28535029200907
71.75	1.	-406.814861200556
71.8125	1.	-407.3446024985513
71.875	1.	-407.87457408596293
71.9375	1.	-408.4047758628887
72.	1.	-408.9352077295565
72.0625	1.	-409.46586958632355
72.125	1.	-409.99676133367626
72.1875	1.	-410.52788287223024
72.25	1.	-411.0592341027295
72.3125	1.	-411.5908149260466
72.375	1.	-412.1226252431823
72.4375	1.	-412.65466495526505
72.5	1.	-413.1869339635509
72.5625	1.	-413.7194321694234
72.625	1.	-414.2521594743928
72.6875	1.	-414.78511578009636
72.75	1.	-415.3183009882977
72.8125	1.	-415.8517150008868
72.875	1.	-416.38535771987944
72.9375	1.	-416.9192290474171
73.	1.	-417.45332888576667
73.0625	1.	-417.98765713732024
73.125	1.	-418.5222137045947
73.1875	1.	-419.05699849023165
73.25	1.	-419.59201139699684
73.3125	1.	-420.12725232778035
73.375	1.	-420.6627211855958
73.4375	1.	-421.19841787358064
73.5	1.	-421.7343422949954
73.5625	1.	-422.2704943532237
73.625	1.	-422.80687395177193
73.6875	1.	-423.34348099426904
73.75	1.	-423.88031538446626
73.8125	1.	-424.4173770262366
73.875	1.	-424.954665823575
73.9375	1.	-425.49218168059787
74.	1.	-426.0299245015427
74.0625	1.	-426.56789419076813
74.125	1.	-427.10609065275344
74.1875	1.	-427.6445137920982
74.25	1.	-428.1831635135225
74.3125	1.	-428.72203972186617
74.375	1.	-429.26114232208874
74.4375	1.	-429.80047121926935
74.5	1.	-430.34002631860614
74.5625	1.	-430.87980752541637
74.625	1.	-431.4198147451359
74.6875	1.	-431.96004788331913
74.75	1.	-432.5005068456386
74.8125	1.	-433.0411915378848
74.875	1.	-433.5821018659661
74.9375	1.	-434.12323773590805
75.	1.	-434.6645990538537
75.0625	1.	-435.20618572606304
75.125	1.	-435.7479976589126
75.1875	1.	-436.29003475889573
75.25	1.	-436.8322969326218
75.3125	1.	-437.3747840868162
75.375	1.	-437.91749612832024
75.4375	1.	-438.4604329640907
75.5	1.	-439.00359450119976
75.5625	1.	-439.54698064683436
75.625	1.	-440.09059130829667
75.6875	1.	-440.63442639300314
75.75	1.	-441.1784858084847
75.8125	1.	-441.7227694623865
75.875	1.	-442.26727726246736
75.9375	1.	-442.8120091165999
76.	1.	-443.35696493277004
76.0625	1.	-443.9021446190771
76.125	1.	-444.4475480837331
76.1875	1.	-444.993175235063
76.25	1.	-445.5390259815041
76.3125	1.	-446.085100231606
76.375	1.	-446.63139789403044
76.4375	1.	-447.1779188775508
76.5	1.	-447.72466309105215
76.5625	1.	-448.27163044353085
76.625	1.	-448.81882084409443
76.6875	1.	-449.36623420196133
76.75	1.	-449.91387042646056
76.8125	1.	-450.46172942703174
76.875	1.	-451.00981111322466
76.9375	1.	-451.5581153946989
77.	1.	-452.10664218122423
77.0625	1.	-452.65539138267957
77.125	1.	-453.20436290905343
77.1875	1.	-453.75355667044334
77.25	1.	-454.30297257705575
77.3125	1.	-454.85261053920584
77.375	1.	-455.4024704673171
77.4375	1.	-455.9525522719213
77.5	1.	-456.5028558636584
77.5625	1.	-457.05338115327595
77.625	1.	-457.6041280516292
77.6875	1.	-458.1550964696807
77.75	1.	-458.7062863185003
77.8125	1.	-459.25769750926463
77.875	1.	-459.8093299532571
77.9375	1.	-460.3611835618676
78.	1.	-460.9132582465925
78.0625	1.	-461.465553919034
78.125	1.	-462.0180704909003
78.1875	1.	-462.5708078740053
78.25	1.	-463.12376598026833
78.3125	1.	-463.67694472171394
78.375	1.	-464.23034401047175
78.4375	1.	-464.78396375877617
78.5	1.	-465.3378038789662
78.5625	1.	-465.89186428348535
78.625	1.	-466.4461448848813
78.6875	1.	-467.0006455958057
78.75	1.	-467.5553663290139
78.8125	1.	-468.1103069973651
78.875	1.	-468.6654675138217
78.9375	1.	-469.22084779144916
79.	1.	-469.7764477434162
79.0625	1.	-470.33226728299417
79.125	1.	-470.8883063235569
79.1875	1.	-471.44456477858074
79.25	1.	-472.00104256164406
79.3125	1.	-472.5577395864274
79.375	1.	-473.1146557667129
79.4375	1.	-473.6717910163842
79.5	1.	-474.22914524942655
79.5625	1.	-474.7867183799262
79.625	1.	-475.34451032207033
79.6875	1.	-475.902520990147
79.75	1.	-476.4607502985449
79.8125	1.	-477.01919816175285
79.875	1.	-477.57786449436014
79.9375	1.	-478.13674921105587
80.	1.	-478.6958522266289
80.0625	1.	-479.2551734559679
80.125	1.	-479.8147128140607
80.1875	1.	-480.37447021599456
80.25	1.	-480.93444557695557
80.3125	1.	-481.49463881222874
80.375	1.	-482.05504983719777
80.4375	1.	-482.6156785673446
80.5	1.	-483.1765249182497
80.5625	1.	-483.7375888055914
80.625	1.	-484.29887014514594
80.6875	1.	-484.8603688527873
80.75	1.	-485.4220848444869
80.8125	1.	-485.98401803631356
80.875	1.	-486.54616834443306
80.9375	1.	-487.1085356851083
81.	1.	-487.67111997469874
81.0625	1.	-488.23392112966053
81.125	1.	-488.7969390665462
81.1875	1.	-489.3601737020043
81.25	1.	-489.9236249527797
81.3125	1.	-490.48729273571274
81.375	1.	-491.05117696773965
81.4375	1.	-491.615277565892
81.5	1.	-492.17959444729655
81.5625	1.	-492.74412752917544
81.625	1.	-493.3088767288454
81.6875	1.	-493.8738419637181
81.75	1.	-494.43902315129964
81.8125	1.	-495.00442020919047
81.875	1.	-495.5700330550854
81.9375	1.	-496.13586160677306
82.	1.	-496.70190578213595
82.0625	1.	-497.26816549915026
82.125	1.	-497.8346406758857
82.1875	1.	-498.4013312305051
82.25	1.	-498.96823708126465
82.3125	1.	-499.53535814651326
82.375	1.	-500.10269434469274
82.4375	1.	-500.6702455943374
82.5	1.	-501.2380118140741
82.5625	1.	-501.8059929226218
82.625	1.	-502.3741888387916
82.6875	1.	-502.9425994814865
82.75	1.	-503.5112247697012
82.8125	1.	-504.0800646225219
82.875	1.	-504.6491189591262
82.9375	1.	-505.21838769878303
83.	1.	-505.7878707608522
83.0625	1.	-506.3575680647844
83.125	1.	-506.9274795301211
83.1875	1.	-507.4976050764942
83.25	1.	-508.067944623626
83.3125	1.	-508.63849809132887
83.375	1.	-509.20926539950545
83.4375	1.	-509.780246468148
83.5	1.	-510.3514412173385
83.5625	1.	-510.9228495672485
83.625	1.	-511.4944714381388
83.6875	1.	-512.0663067503596
83.75	1.	-512.6383554243497
83.8125	1.	-513.2106173806371
83.875	1.	-513.7830925398385
83.9375	1.	-514.355780822659
84.	1.	-514.9286821498919
84.0625	1.	-515.5017964424187
84.125	1.	-516.0751236212094
84.1875	1.	-516.6486636073213
84.25	1.	-517.2224163218997
84.3125	1.	-517.7963816861773
84.375	1.	-518.3705596214742
84.4375	1.	-518.9449500491978
84.5	1.	-519.5195528908425
84.5625	1.	-520.0943680679896
84.625	1.	-520.6693955023071
84.6875	1.	-521.2446351155495
84.75	1.	-521.8200868295579
84.8125	1.	-522.3957505662596
84.875	1.	-522.9716262476678
84.9375	1.	-523.547713795882
85.	1.	-524.1240131330871
85.0625	1.	-524.7005241815539
85.125	1.	-525.2772468636384
85.1875	1.	-525.8541811017823
85.25	1.	-526.431326818512
85.3125	1.	-527.0086839364393
85.375	1.	-527.5862523782605
85.4375	1.	-528.1640320667569
85.5	1.	-528.7420229247941
85.5625	1.	-529.3202248753223
85.625	1.	-529.8986378413756
85.6875	1.	-530.4772617460725
85.75	1.	-531.0560965126151
85.8125	1.	-531.6351420642898
85.875	1.	-532.2143983244658
85.9375	1.	-532.7938652165966
86.	1.	-533.3735426642186
86.0625	1.	-533.9534305909511
86.125	1.	-534.5335289204971
86.1875	1.	-535.1138375766418
86.25	1.	-535.6943564832535
86.3125	1.	-536.275085564283
86.375	1.	-536.8560247437633
86.4375	1.	-537.43717394581
86.5	1.	-538.0185330946204
86.5625	1.	-538.6001021144742
86.625	1.	-539.1818809297326
86.6875	1.	-539.7638694648388
86.75	1.	-540.346067644317
86.8125	1.	-540.9284753927734
86.875	1.	-541.5110926348949
86.9375	1.	-542.09391929545
87.	1.	-542.6769552992874
87.0625	1.	-543.2602005713376
87.125	1.	-543.8436550366108
87.1875	1.	-544.4273186201983
87.25	1.	-545.0111912472717
87.3125	1.	-545.5952728430824
87.375	1.	-546.1795633329624
87.4375	1.	-546.7640626423233
87.5	1.	-547.3487706966567
87.5625	1.	-547.9336874215338
87.625	1.	-548.5188127426052
87.6875	1.	-549.1041465856009
87.75	1.	-549.6896888763301
87.8125	1.	-550.2754395406814
87.875	1.	-550.8613985046219
87.9375	1.	-551.4475656941978
88.	1.	-552.0339410355338
88.0625	1.	-552.6205244548331
88.125	1.	-553.2073158783776
88.1875	1.	-553.794315232527
88.25	1.	-554.3815224437195
88.3125	1.	-554.968937438471
88.375	1.	-555.5565601433755
88.4375	1.	-556.1443904851043
88.5	1.	-556.7324283904068
88.5625	1.	-557.3206737861093
88.625	1.	-557.9091265991157
88.6875	1.	-558.4977867564069
88.75	1.	-559.086654185041
88.8125	1.	-559.6757288121528
88.875	1.	-560.2650105649539
88.9375	1.	-560.8544993707325
89.	1.	-561.4441951568534
89.0625	1.	-562.0340978507576
89.125	1.	-562.6242073799623
89.1875	1.	-563.2145236720609
89.25	1.	-563.8050466547227
89.3125	1.	-564.3957762556927
89.375	1.	-564.9867124027917
89.4375	1.	-565.577855023916
89.5	1.	-566.1692040470374
89.5625	1.	-566.7607594002028
89.625	1.	-567.3525210115345
89.6875	1.	-567.9444888092296
89.75	1.	-568.5366627215602
89.8125	1.	-569.1290426768732
89.875	1.	-569.7216286035899
89.9375	1.	-570.3144204302065
90.	1.	-570.9074180852932
90.0625	1.	-571.5006214974948
90.125	1.	-572.0940305955297
90.1875	1.	-572.6876453081908
90.25	1.	-573.2814655643447
90.3125	1.	-573.8754912929317
90.375	1.	-574.4697224229654
90.4375	1.	-575.0641588835337
90.5	1.	-575.6588006037967
90.5625	1.	-576.253647512989
90.625	1.	-576.8486995404173
90.6875	1.	-577.4439566154617
90.75	1.	-578.0394186675751
90.8125	1.	-578.6350856262831
90.875	1.	-579.2309574211839
90.9375	1.	-579.8270339819481
91.	1.	-580.4233152383189
91.0625	1.	-581.0198011201115
91.125	1.	-581.6164915572132
91.1875	1.	-582.2133864795833
91.25	1.	-582.8104858172532
91.3125	1.	-583.4077895003255
91.375	1.	-584.0052974589752
91.4375	1.	-584.6030096234479
91.5	1.	-585.2009259240612
91.5625	1.	-585.7990462912036
91.625	1.	-586.3973706553351
91.6875	1.	-586.9958989469862
91.75	1.	-587.5946310967589
91.8125	1.	-588.1935670353253
91.875	1.	-588.7927066934286
91.9375	1.	-589.3920500018824
92.	1.	-589.9915968915705
92.0625	1.	-590.5913472934474
92.125	1.	-591.1913011385374
92.1875	1.	-591.791458357935
92.25	1.	-592.3918188828046
92.3125	1.	-592.9923826443804
92.375	1.	-593.5931495739665
92.4375	1.	-594.1941196029361
92.5	1.	-594.7952926627322
92.5625	1.	-595.3966686848672
92.625	1.	-595.9982476009225
92.6875	1.	-596.6000293425487
92.75	1.	-597.2020138414655
92.8125	1.	-597.8042010294613
92.875	1.	-598.4065908383933
92.9375	1.	-599.0091832001873
93.	1.	-599.6119780468379
93.0625	1.	-600.2149753104078
93.125	1.	-600.818174923028
93.1875	1.	-601.421576816898
93.25	1.	-602.0251809242851
93.3125	1.	-602.6289871775246
93.375	1.	-603.2329955090196
93.4375	1.	-603.837205851241
93.5	1.	-604.4416181367275
93.5625	1.	-605.0462322980849
93.625	1.	-605.6510482679868
93.6875	1.	-606.2560659791736
93.75	1.	-606.8612853644535
93.8125	1.	-607.466706356701
93.875	1.	-608.0723288888584
93.9375	1.	-608.6781528939341
94.	1.	-609.2841783050036
94.0625	1.	-609.8904050552089
94.125	1.	-610.4968330777585
94.1875	1.	-611.1034623059275
94.25	1.	-611.7102926730568
94.3125	1.	-612.3173241125539
94.375	1.	-612.9245565578923
94.4375	1.	-613.5319899426113
94.5	1.	-614.1396242003161
94.5625	1.	-614.7474592646777
94.625	1.	-615.3554950694328
94.6875	1.	-615.9637315483833
94.75	1.	-616.5721686353968
94.8125	1.	-617.1808062644062
94.875	1.	-617.7896443694095
94.9375	1.	-618.3986828844697
95.	1.	-619.0079217437151
95.0625	1.	-619.6173608813384
95.125	1.	-620.2270002315976
95.1875	1.	-620.8368397288149
95.25	1.	-621.4468793073773
95.3125	1.	-622.0571189017363
95.375	1.	-622.6675584464076
95.4375	1.	-623.2781978759713
95.5	1.	-623.8890371250714
95.5625	1.	-624.500076128416
95.625	1.	-625.1113148207774
95.6875	1.	-625.7227531369914
95.75	1.	-626.3343910119576
95.8125	1.	-626.9462283806394
95.875	1.	-627.5582651780634
95.9375	1.	-628.1705013393198
96.	1.	-628.7829367995622
96.0625	1.	-629.3955714940072
96.125	1.	-630.0084053579346
96.1875	1.	-630.6214383266871
96.25	1.	-631.2346703356704
96.3125	1.	-631.8481013203531
96.375	1.	-632.4617312162662
96.4375	1.	-633.0755599590036
96.5	1.	-633.6895874842213
96.5625	1.	-634.3038137276382
96.625	1.	-634.9182386250351
96.6875	1.	-635.532862112255
96.75	1.	-636.1476841252032
96.8125	1.	-636.762704599847
96.875	1.	-637.3779234722153
96.9375	1.	-637.993340678399
97.	1.	-638.6089561545506
97.0625	1.	-639.2247698368843
97.125	1.	-639.8407816616757
97.1875	1.	-640.4569915652619
97.25	1.	-641.0733994840409
97.3125	1.	-641.6900053544726
97.375	1.	-642.3068091130774
97.4375	1.	-642.9238106964369
97.5	1.	-643.5410100411938
97.5625	1.	-644.158407084051
97.625	1.	-644.7760017617728
97.6875	1.	-645.3937940111839
97.75	1.	-646.0117837691691
97.8125	1.	-646.6299709726744
97.875	1.	-647.2483555587053
97.9375	1.	-647.8669374643281
98.	1.	-648.4857166266689
98.0625	1.	-649.104692982914
98.125	1.	-649.7238664703098
98.1875	1.	-650.3432370261619
98.25	1.	-650.9628045878366
98.3125	1.	-651.582569092759
98.375	1.	-652.202530478414
98.4375	1.	-652.8226886823464
98.5	1.	-653.44304364216
98.5625	1.	-654.0635952955176
98.625	1.	-654.6843435801419
98.6875	1.	-655.3052884338139
98.75	1.	-655.9264297943741
98.8125	1.	-656.547767599722
98.875	1.	-657.1693017878154
98.9375	1.	-657.7910322966711
99.	1.	-658.4129590643646
99.0625	1.	-659.0350820290299
99.125	1.	-659.6574011288594
99.1875	1.	-660.2799163021037
99.25	1.	-660.9026274870721
99.3125	1.	-661.5255346221313
99.375	1.	-662.1486376457069
99.4375	1.	-662.771936496282
99.5	1.	-663.3954311123978
99.5625	1.	-664.0191214326529
99.625	1.	-664.6430073957042
99.6875	1.	-665.2670889402659
99.75	1.	-665.8913660051097
99.8125	1.	-666.5158385290648
99.875	1.	-667.1405064510177
99.9375	1.	-667.7653697099124
100.	1.	-668.3904282447497
100.0625	1.	-669.0156819945877
100.125	1.	-669.6411308985415
100.1875	1.	-670.266774895783
100.25	1.	-670.8926139255411
100.3125	1.	-671.5186479271011
100.375	1.	-672.1448768398054
100.4375	1.	-672.7713006030524
100.5	1.	-673.3979191562975
100.5625	1.	-674.0247324390521
100.625	1.	-674.651740390884
100.6875	1.	-675.2789429514173
100.75	1.	-675.906340060332
100.8125	1.	-676.5339316573645
100.875	1.	-677.1617176823067
100.9375	1.	-677.7896980750066
101.	1.	-678.4178727753679
101.0625	1.	-679.04624172335
101.125	1.	-679.6748048589681
101.1875	1.	-680.3035621222923
101.25	1.	-680.9325134534489
101.3125	1.	-681.561658792619
101.375	1.	-682.1909980800392
101.4375	1.	-682.8205312560011
101.5	1.	-683.4502582608516
101.5625	1.	-684.0801790349923
101.625	1.	-684.7102935188801
101.6875	1.	-685.3406016530264
101.75	1.	-685.9711033779975
101.8125	1.	-686.6017986344142
101.875	1.	-687.2326873629522
101.9375	1.	-687.8637695043416
102.	1.	-688.4950449993664
102.0625	1.	-689.1265137888659
102.125	1.	-689.7581758137326
102.1875	1.	-690.3900310149138
102.25	1.	-691.0220793334109
102.3125	1.	-691.6543207102791
102.375	1.	-692.2867550866274
102.4375	1.	-692.9193824036189
102.5	1.	-693.5522026024703
102.5625	1.	-694.185215624452
102.625	1.	-694.818421410888
102.6875	1.	-695.451819903156
102.75	1.	-696.0854110426866
102.8125	1.	-696.7191947709641
102.875	1.	-697.3531710295264
102.9375	1.	-697.9873397599638
103.	1.	-698.6217009039203
103.0625	1.	-699.256254403093
103.125	1.	-699.8910001992311
103.1875	1.	-700.5259382341378
103.25	1.	-701.1610684496683
103.3125	1.	-701.7963907877306
103.375	1.	-702.4319051902858
103.4375	1.	-703.0676115993468
103.5	1.	-703.7035099569797
103.5625	1.	-704.3396002053025
103.625	1.	-704.9758822864857
103.6875	1.	-705.6123561427519
103.75	1.	-706.249021716376
103.8125	1.	-706.885878949685
103.875	1.	-707.5229277850575
